1
7
9
13
19
21
25
31
33
37
43
45
49
55
57
61
67
69
73
79
81
85
91
93
57604
57612
57620
57628
57636
57644
57652
57660
57664
57666
57668
57670
57672
57674
57676
57678
57680
57682
57684
57686
57688
57690
57692
57694
3
11
15
23
27
35
39
47
51
59
63
71
75
83
87
95
57600
57606
57608
57614
57616
57622
57624
57630
57632
57638
57640
57646
57648
57654
57656
57662
114916
114924
114932
114940
114948
114956
114964
114972
5
17
29
41
53
65
77
89
57602
57610
57618
57626
57634
57642
57650
57658
114912
114914
114918
114920
114922
114926
114928
114930
114934
114936
114938
114942
114944
114946
114950
114952
114954
114958
114960
114962
114966
114968
114970
114974
114976
114978
114980
114982
114984
114986
114988
114990
114992
114994
114996
114998
115000
115002
115004
115006
374
441
465
532
556
623
647
714
738
1104
1171
1195
1262
1286
1353
1377
1444
1468
1834
1901
1925
1992
2016
2083
2107
2174
2198
3622
3689
3713
3780
3804
3871
3895
3962
3986
5410
5477
5501
5568
5592
5659
5683
5750
5774
7198
7265
7289
7356
7380
7447
7471
7538
7562
8986
9053
9077
9144
9168
9235
9259
9326
9350
10774
10841
10865
10932
10956
11023
11047
11114
11138
12562
12629
12653
12720
12744
12811
12835
12902
12926
14350
14417
14441
14508
14532
14599
14623
14690
14714
16138
16205
16229
16296
16320
16387
16411
16478
16502
17926
17993
18017
18084
18108
18175
18199
18266
18290
19714
19781
19805
19872
19896
19963
19987
20054
20078
21502
21569
21593
21660
21684
21751
21775
21842
21866
23290
23357
23381
23448
23472
23539
23563
23630
23654
25078
25145
25169
25236
25260
25327
25351
25418
25442
26866
26933
26957
27024
27048
27115
27139
27206
27230
28654
28721
28745
28812
28836
28903
28927
28994
29018
30442
30509
30533
30600
30624
30691
30715
30782
30806
32230
32297
32321
32388
32412
32479
32503
32570
32594
34018
34085
34109
34176
34200
34267
34291
34358
34382
35806
35873
35897
35964
35988
36055
36079
36146
36170
37594
37661
37685
37752
37776
37843
37867
37934
37958
39382
39449
39473
39540
39564
39631
39655
39722
39746
41170
41237
41261
41328
41352
41419
41443
41510
41534
42958
43025
43049
43116
43140
43207
43231
43298
43322
44746
44813
44837
44904
44928
44995
45019
45086
45110
46534
46601
46625
46692
46716
46783
46807
46874
46898
48322
48389
48413
48480
48504
48571
48595
48662
48686
50110
50177
50201
50268
50292
50359
50383
50450
50474
51898
51965
51989
52056
52080
52147
52171
52238
52262
53686
53753
53777
53844
53868
53935
53959
54026
54050
57878
57945
57969
58036
58060
58127
58151
58218
58242
58608
58675
58699
58766
58790
58857
58881
58948
58972
59338
59405
59429
59496
59520
59587
59611
59678
59702
61126
61193
61217
61284
61308
61375
61399
61466
61490
62914
62981
63005
63072
63096
63163
63187
63254
63278
64702
64769
64793
64860
64884
64951
64975
65042
65066
66490
66557
66581
66648
66672
66739
66763
66830
66854
68278
68345
68369
68436
68460
68527
68551
68618
68642
70066
70133
70157
70224
70248
70315
70339
70406
70430
71854
71921
71945
72012
72036
72103
72127
72194
72218
73642
73709
73733
73800
73824
73891
73915
73982
74006
75430
75497
75521
75588
75612
75679
75703
75770
75794
77218
77285
77309
77376
77400
77467
77491
77558
77582
79006
79073
79097
79164
79188
79255
79279
79346
79370
80794
80861
80885
80952
80976
81043
81067
81134
81158
82582
82649
82673
82740
82764
82831
82855
82922
82946
84370
84437
84461
84528
84552
84619
84643
84710
84734
86158
86225
86249
86316
86340
86407
86431
86498
86522
87946
88013
88037
88104
88128
88195
88219
88286
88310
89734
89801
89825
89892
89916
89983
90007
90074
90098
91522
91589
91613
91680
91704
91771
91795
91862
91886
93310
93377
93401
93468
93492
93559
93583
93650
93674
95098
95165
95189
95256
95280
95347
95371
95438
95462
96886
96953
96977
97044
97068
97135
97159
97226
97250
98674
98741
98765
98832
98856
98923
98947
99014
99038
100462
100529
100553
100620
100644
100711
100735
100802
100826
102250
102317
102341
102408
102432
102499
102523
102590
102614
104038
104105
104129
104196
104220
104287
104311
104378
104402
105826
105893
105917
105984
106008
106075
106099
106166
106190
107614
107681
107705
107772
107796
107863
107887
107954
107978
109402
109469
109493
109560
109584
109651
109675
109742
109766
111190
111257
111281
111348
111372
111439
111463
111530
111554
350
805
1080
1535
1810
2265
3598
4053
5386
5841
7174
7629
8962
9417
10750
11205
12538
12993
14326
14781
16114
16569
17902
18357
19690
20145
21478
21933
23266
23721
25054
25509
26842
27297
28630
29085
30418
30873
32206
32661
33994
34449
35782
36237
37570
38025
39358
39813
41146
41601
42934
43389
44722
45177
46510
46965
48298
48753
50086
50541
51874
52329
53662
54117
57854
58309
58584
59039
59314
59769
61102
61557
62890
63345
64678
65133
66466
66921
68254
68709
70042
70497
71830
72285
73618
74073
75406
75861
77194
77649
78982
79437
80770
81225
82558
83013
84346
84801
86134
86589
87922
88377
89710
90165
91498
91953
93286
93741
95074
95529
96862
97317
98650
99105
100438
100893
102226
102681
104014
104469
105802
106257
107590
108045
109378
109833
111166
111621
283
829
1013
1559
1743
2289
3531
4077
5319
5865
7107
7653
8895
9441
10683
11229
12471
13017
14259
14805
16047
16593
17835
18381
19623
20169
21411
21957
23199
23745
24987
25533
26775
27321
28563
29109
30351
30897
32139
32685
33927
34473
35715
36261
37503
38049
39291
39837
41079
41625
42867
43413
44655
45201
46443
46989
48231
48777
50019
50565
51807
52353
53595
54141
57787
58333
58517
59063
59247
59793
61035
61581
62823
63369
64611
65157
66399
66945
68187
68733
69975
70521
71763
72309
73551
74097
75339
75885
77127
77673
78915
79461
80703
81249
82491
83037
84279
84825
86067
86613
87855
88401
89643
90189
91431
91977
93219
93765
95007
95553
96795
97341
98583
99129
100371
100917
102159
102705
103947
104493
105735
106281
107523
108069
109311
109857
111099
111645
2646
2778
2910
3042
3174
4434
4566
4698
4830
4962
6222
6354
6486
6618
6750
8010
8142
8274
8406
8538
9798
9930
10062
10194
10326
11586
11718
11850
11982
12114
13374
13506
13638
13770
13902
15162
15294
15426
15558
15690
16950
17082
17214
17346
17478
18738
18870
19002
19134
19266
20526
20658
20790
20922
21054
22314
22446
22578
22710
22842
24102
24234
24366
24498
24630
25890
26022
26154
26286
26418
27678
27810
27942
28074
28206
29466
29598
29730
29862
29994
31254
31386
31518
31650
31782
33042
33174
33306
33438
33570
34830
34962
35094
35226
35358
36618
36750
36882
37014
37146
38406
38538
38670
38802
38934
40194
40326
40458
40590
40722
41982
42114
42246
42378
42510
43770
43902
44034
44166
44298
45558
45690
45822
45954
46086
47346
47478
47610
47742
47874
49134
49266
49398
49530
49662
50922
51054
51186
51318
51450
52710
52842
52974
53106
53238
54498
54630
54762
54894
55026
55556
55688
55820
55952
56084
56614
56746
56878
57010
57142
60150
60282
60414
60546
60678
61938
62070
62202
62334
62466
63726
63858
63990
64122
64254
65514
65646
65778
65910
66042
67302
67434
67566
67698
67830
69090
69222
69354
69486
69618
70878
71010
71142
71274
71406
72666
72798
72930
73062
73194
74454
74586
74718
74850
74982
76242
76374
76506
76638
76770
78030
78162
78294
78426
78558
79818
79950
80082
80214
80346
81606
81738
81870
82002
82134
83394
83526
83658
83790
83922
85182
85314
85446
85578
85710
86970
87102
87234
87366
87498
88758
88890
89022
89154
89286
90546
90678
90810
90942
91074
92334
92466
92598
92730
92862
94122
94254
94386
94518
94650
95910
96042
96174
96306
96438
97698
97830
97962
98094
98226
99486
99618
99750
99882
100014
101274
101406
101538
101670
101802
103062
103194
103326
103458
103590
104850
104982
105114
105246
105378
106638
106770
106902
107034
107166
108426
108558
108690
108822
108954
110214
110346
110478
110610
110742
112002
112134
112266
112398
112530
113060
113192
113324
113456
113588
114118
114250
114382
114514
114646
2692
2824
2956
3088
4480
4612
4744
4876
6268
6400
6532
6664
8056
8188
8320
8452
9844
9976
10108
10240
11632
11764
11896
12028
13420
13552
13684
13816
15208
15340
15472
15604
16996
17128
17260
17392
18784
18916
19048
19180
20572
20704
20836
20968
22360
22492
22624
22756
24148
24280
24412
24544
25936
26068
26200
26332
27724
27856
27988
28120
29512
29644
29776
29908
31300
31432
31564
31696
33088
33220
33352
33484
34876
35008
35140
35272
36664
36796
36928
37060
38452
38584
38716
38848
40240
40372
40504
40636
42028
42160
42292
42424
43816
43948
44080
44212
45604
45736
45868
46000
47392
47524
47656
47788
49180
49312
49444
49576
50968
51100
51232
51364
52756
52888
53020
53152
54544
54676
54808
54940
55602
55734
55866
55998
56660
56792
56924
57056
60196
60328
60460
60592
61984
62116
62248
62380
63772
63904
64036
64168
65560
65692
65824
65956
67348
67480
67612
67744
69136
69268
69400
69532
70924
71056
71188
71320
72712
72844
72976
73108
74500
74632
74764
74896
76288
76420
76552
76684
78076
78208
78340
78472
79864
79996
80128
80260
81652
81784
81916
82048
83440
83572
83704
83836
85228
85360
85492
85624
87016
87148
87280
87412
88804
88936
89068
89200
90592
90724
90856
90988
92380
92512
92644
92776
94168
94300
94432
94564
95956
96088
96220
96352
97744
97876
98008
98140
99532
99664
99796
99928
101320
101452
101584
101716
103108
103240
103372
103504
104896
105028
105160
105292
106684
106816
106948
107080
108472
108604
108736
108868
110260
110392
110524
110656
112048
112180
112312
112444
113106
113238
113370
113502
114164
114296
114428
114560
3220
5008
6796
8584
10372
12160
13948
15736
17524
19312
21100
22888
24676
26464
28252
30040
31828
33616
35404
37192
38980
40768
42556
44344
46132
47920
49708
51496
53284
55072
56130
57188
60724
62512
64300
66088
67876
69664
71452
73240
75028
76816
78604
80392
82180
83968
85756
87544
89332
91120
92908
94696
96484
98272
100060
101848
103636
105424
107212
109000
110788
112576
113634
114692
2560
4348
6136
7924
9712
11500
13288
15076
16864
18652
20440
22228
24016
25804
27592
29380
31168
32956
34744
36532
38320
40108
41896
43684
45472
47260
49048
50836
52624
54412
55470
56528
60064
61852
63640
65428
67216
69004
70792
72580
74368
76156
77944
79732
81520
83308
85096
86884
88672
90460
92248
94036
95824
97612
99400
101188
102976
104764
106552
108340
110128
111916
112974
114032
3306
5094
6882
8670
10458
12246
14034
15822
17610
19398
21186
22974
24762
26550
28338
30126
31914
33702
35490
37278
39066
40854
42642
44430
46218
48006
49794
51582
53370
55158
56216
57274
60810
62598
64386
66174
67962
69750
71538
73326
75114
76902
78690
80478
82266
84054
85842
87630
89418
91206
92994
94782
96570
98358
100146
101934
103722
105510
107298
109086
110874
112662
113720
114778
2514
4302
6090
7878
9666
11454
13242
15030
16818
18606
20394
22182
23970
25758
27546
29334
31122
32910
34698
36486
38274
40062
41850
43638
45426
47214
49002
50790
52578
54366
55424
56482
60018
61806
63594
65382
67170
68958
70746
72534
74322
76110
77898
79686
81474
83262
85050
86838
88626
90414
92202
93990
95778
97566
99354
101142
102930
104718
106506
108294
110082
111870
112928
113986
115190
115257
115281
115348
115372
115439
115463
115530
115554
115919
115986
116010
116077
116101
116168
116192
116259
116283
116648
116715
116739
116806
116830
116897
116921
116988
117012
117377
117444
117468
117535
117559
117626
117650
117717
117741
118106
118173
118197
118264
118288
118355
118379
118446
118470
118835
118902
118926
118993
119017
119084
119108
119175
119199
119564
119631
119655
119722
119746
119813
119837
119904
119928
120293
120360
120384
120451
120475
120542
120566
120633
120657
121022
121089
121113
121180
121204
121271
121295
121362
121386
121751
121818
121842
121909
121933
122000
122024
122091
122115
122480
122547
122571
122638
122662
122729
122753
122820
122844
123209
123276
123300
123367
123391
123458
123482
123549
123573
123938
124005
124029
124096
124120
124187
124211
124278
124302
124667
124734
124758
124825
124849
124916
124940
125007
125031
125396
125463
125487
125554
125578
125645
125669
125736
125760
126125
126192
126216
126283
126307
126374
126398
126465
126489
126854
126921
126945
127012
127036
127103
127127
127194
127218
127583
127650
127674
127741
127765
127832
127856
127923
127947
128312
128379
128403
128470
128494
128561
128585
128652
128676
129041
129108
129132
129199
129223
129290
129314
129381
129405
129770
129837
129861
129928
129952
130019
130043
130110
130134
130499
130566
130590
130657
130681
130748
130772
130839
130863
131228
131295
131319
131386
131410
131477
131501
131568
131592
131957
132024
132048
132115
132139
132206
132230
132297
132321
132686
132753
132777
132844
132868
132935
132959
133026
133050
133415
133482
133506
133573
133597
133664
133688
133755
133779
134144
134211
134235
134302
134326
134393
134417
134484
134508
134873
134940
134964
135031
135055
135122
135146
135213
135237
135602
135669
135693
135760
135784
135851
135875
135942
135966
136331
136398
136422
136489
136513
136580
136604
136671
136695
137060
137127
137151
137218
137242
137309
137333
137400
137424
137789
137856
137880
137947
137971
138038
138062
138129
138153
138518
138585
138609
138676
138700
138767
138791
138858
138882
139247
139314
139338
139405
139429
139496
139520
139587
139611
139976
140043
140067
140134
140158
140225
140249
140316
140340
140705
140772
140796
140863
140887
140954
140978
141045
141069
141434
141501
141525
141592
141616
141683
141707
141774
141798
142163
142230
142254
142321
142345
142412
142436
142503
142527
142892
142959
142983
143050
143074
143141
143165
143232
143256
143621
143688
143712
143779
143803
143870
143894
143961
143985
144350
144417
144441
144508
144532
144599
144623
144690
144714
145079
145146
145170
145237
145261
145328
145352
145419
145443
145808
145875
145899
145966
145990
146057
146081
146148
146172
146537
146604
146628
146695
146719
146786
146810
146877
146901
147266
147333
147357
147424
147448
147515
147539
147606
147630
147995
148062
148086
148153
148177
148244
148268
148335
148359
148724
148791
148815
148882
148906
148973
148997
149064
149088
149453
149520
149544
149611
149635
149702
149726
149793
149817
150182
150249
150273
150340
150364
150431
150455
150522
150546
150911
150978
151002
151069
151093
151160
151184
151251
151275
151640
151707
151731
151798
151822
151889
151913
151980
152004
152369
152436
152460
152527
152551
152618
152642
152709
152733
153098
153165
153189
153256
153280
153347
153371
153438
153462
153827
153894
153918
153985
154009
154076
154100
154167
154191
154556
154623
154647
154714
154738
154805
154829
154896
154920
155285
155352
155376
155443
155467
155534
155558
155625
155649
156014
156081
156105
156172
156196
156263
156287
156354
156378
156743
156810
156834
156901
156925
156992
157016
157083
157107
157472
157539
157563
157630
157654
157721
157745
157812
157836
158201
158268
158292
158359
158383
158450
158474
158541
158565
158930
158997
159021
159088
159112
159179
159203
159270
159294
159659
159726
159750
159817
159841
159908
159932
159999
160023
160388
160455
160479
160546
160570
160637
160661
160728
160752
161117
161184
161208
161275
161299
161366
161390
161457
161481
115166
115621
115895
116350
116624
117079
117353
117808
118082
118537
118811
119266
119540
119995
120269
120724
120998
121453
121727
122182
122456
122911
123185
123640
123914
124369
124643
125098
125372
125827
126101
126556
126830
127285
127559
128014
128288
128743
129017
129472
129746
130201
130475
130930
131204
131659
131933
132388
132662
133117
133391
133846
134120
134575
134849
135304
135578
136033
136307
136762
137036
137491
137765
138220
138494
138949
139223
139678
139952
140407
140681
141136
141410
141865
142139
142594
142868
143323
143597
144052
144326
144781
145055
145510
145784
146239
146513
146968
147242
147697
147971
148426
148700
149155
149429
149884
150158
150613
150887
151342
151616
152071
152345
152800
153074
153529
153803
154258
154532
154987
155261
155716
155990
156445
156719
157174
157448
157903
158177
158632
158906
159361
159635
160090
160364
160819
161093
161548
259
896
989
1626
1719
2356
3507
4144
5295
5932
7083
7720
8871
9508
10659
11296
12447
13084
14235
14872
16023
16660
17811
18448
19599
20236
21387
22024
23175
23812
24963
25600
26751
27388
28539
29176
30327
30964
32115
32752
33903
34540
35691
36328
37479
38116
39267
39904
41055
41692
42843
43480
44631
45268
46419
47056
48207
48844
49995
50632
51783
52420
53571
54208
57763
58400
58493
59130
59223
59860
61011
61648
62799
63436
64587
65224
66375
67012
68163
68800
69951
70588
71739
72376
73527
74164
75315
75952
77103
77740
78891
79528
80679
81316
82467
83104
84255
84892
86043
86680
87831
88468
89619
90256
91407
92044
93195
93832
94983
95620
96771
97408
98559
99196
100347
100984
102135
102772
103923
104560
105711
106348
107499
108136
109287
109924
111075
111712
115099
115645
115828
116374
116557
117103
117286
117832
118015
118561
118744
119290
119473
120019
120202
120748
120931
121477
121660
122206
122389
122935
123118
123664
123847
124393
124576
125122
125305
125851
126034
126580
126763
127309
127492
128038
128221
128767
128950
129496
129679
130225
130408
130954
131137
131683
131866
132412
132595
133141
133324
133870
134053
134599
134782
135328
135511
136057
136240
136786
136969
137515
137698
138244
138427
138973
139156
139702
139885
140431
140614
141160
141343
141889
142072
142618
142801
143347
143530
144076
144259
144805
144988
145534
145717
146263
146446
146992
147175
147721
147904
148450
148633
149179
149362
149908
150091
150637
150820
151366
151549
152095
152278
152824
153007
153553
153736
154282
154465
155011
155194
155740
155923
156469
156652
157198
157381
157927
158110
158656
158839
159385
159568
160114
160297
160843
161026
161572
351
375
442
466
533
557
624
648
715
739
806
830
897
1081
1105
1172
1196
1263
1287
1354
1378
1445
1469
1536
1560
1627
1811
1835
1902
1926
1993
2017
2084
2108
2175
2199
2266
2290
2357
3352
3599
3623
3690
3714
3781
3805
3872
3896
3963
3987
4054
4078
4145
5140
5387
5411
5478
5502
5569
5593
5660
5684
5751
5775
5842
5866
5933
6928
7175
7199
7266
7290
7357
7381
7448
7472
7539
7563
7630
7654
7721
8716
8963
8987
9054
9078
9145
9169
9236
9260
9327
9351
9418
9442
9509
10504
10751
10775
10842
10866
10933
10957
11024
11048
11115
11139
11206
11230
11297
12292
12539
12563
12630
12654
12721
12745
12812
12836
12903
12927
12994
13018
13085
14080
14327
14351
14418
14442
14509
14533
14600
14624
14691
14715
14782
14806
14873
15868
16115
16139
16206
16230
16297
16321
16388
16412
16479
16503
16570
16594
16661
17656
17903
17927
17994
18018
18085
18109
18176
18200
18267
18291
18358
18382
18449
19444
19691
19715
19782
19806
19873
19897
19964
19988
20055
20079
20146
20170
20237
21232
21479
21503
21570
21594
21661
21685
21752
21776
21843
21867
21934
21958
22025
23020
23267
23291
23358
23382
23449
23473
23540
23564
23631
23655
23722
23746
23813
24808
25055
25079
25146
25170
25237
25261
25328
25352
25419
25443
25510
25534
25601
26596
26843
26867
26934
26958
27025
27049
27116
27140
27207
27231
27298
27322
27389
28384
28631
28655
28722
28746
28813
28837
28904
28928
28995
29019
29086
29110
29177
30172
30419
30443
30510
30534
30601
30625
30692
30716
30783
30807
30874
30898
30965
31960
32207
32231
32298
32322
32389
32413
32480
32504
32571
32595
32662
32686
32753
33748
33995
34019
34086
34110
34177
34201
34268
34292
34359
34383
34450
34474
34541
35536
35783
35807
35874
35898
35965
35989
36056
36080
36147
36171
36238
36262
36329
37324
37571
37595
37662
37686
37753
37777
37844
37868
37935
37959
38026
38050
38117
39112
39359
39383
39450
39474
39541
39565
39632
39656
39723
39747
39814
39838
39905
40900
41147
41171
41238
41262
41329
41353
41420
41444
41511
41535
41602
41626
41693
42688
42935
42959
43026
43050
43117
43141
43208
43232
43299
43323
43390
43414
43481
44476
44723
44747
44814
44838
44905
44929
44996
45020
45087
45111
45178
45202
45269
46264
46511
46535
46602
46626
46693
46717
46784
46808
46875
46899
46966
46990
47057
48052
48299
48323
48390
48414
48481
48505
48572
48596
48663
48687
48754
48778
48845
49840
50087
50111
50178
50202
50269
50293
50360
50384
50451
50475
50542
50566
50633
51628
51875
51899
51966
51990
52057
52081
52148
52172
52239
52263
52330
52354
52421
53416
53663
53687
53754
53778
53845
53869
53936
53960
54027
54051
54118
54142
54209
55204
56262
57320
57855
57879
57946
57970
58037
58061
58128
58152
58219
58243
58310
58334
58401
58585
58609
58676
58700
58767
58791
58858
58882
58949
58973
59040
59064
59131
59315
59339
59406
59430
59497
59521
59588
59612
59679
59703
59770
59794
59861
60856
61103
61127
61194
61218
61285
61309
61376
61400
61467
61491
61558
61582
61649
62644
62891
62915
62982
63006
63073
63097
63164
63188
63255
63279
63346
63370
63437
64432
64679
64703
64770
64794
64861
64885
64952
64976
65043
65067
65134
65158
65225
66220
66467
66491
66558
66582
66649
66673
66740
66764
66831
66855
66922
66946
67013
68008
68255
68279
68346
68370
68437
68461
68528
68552
68619
68643
68710
68734
68801
69796
70043
70067
70134
70158
70225
70249
70316
70340
70407
70431
70498
70522
70589
71584
71831
71855
71922
71946
72013
72037
72104
72128
72195
72219
72286
72310
72377
73372
73619
73643
73710
73734
73801
73825
73892
73916
73983
74007
74074
74098
74165
75160
75407
75431
75498
75522
75589
75613
75680
75704
75771
75795
75862
75886
75953
76948
77195
77219
77286
77310
77377
77401
77468
77492
77559
77583
77650
77674
77741
78736
78983
79007
79074
79098
79165
79189
79256
79280
79347
79371
79438
79462
79529
80524
80771
80795
80862
80886
80953
80977
81044
81068
81135
81159
81226
81250
81317
82312
82559
82583
82650
82674
82741
82765
82832
82856
82923
82947
83014
83038
83105
84100
84347
84371
84438
84462
84529
84553
84620
84644
84711
84735
84802
84826
84893
85888
86135
86159
86226
86250
86317
86341
86408
86432
86499
86523
86590
86614
86681
87676
87923
87947
88014
88038
88105
88129
88196
88220
88287
88311
88378
88402
88469
89464
89711
89735
89802
89826
89893
89917
89984
90008
90075
90099
90166
90190
90257
91252
91499
91523
91590
91614
91681
91705
91772
91796
91863
91887
91954
91978
92045
93040
93287
93311
93378
93402
93469
93493
93560
93584
93651
93675
93742
93766
93833
94828
95075
95099
95166
95190
95257
95281
95348
95372
95439
95463
95530
95554
95621
96616
96863
96887
96954
96978
97045
97069
97136
97160
97227
97251
97318
97342
97409
98404
98651
98675
98742
98766
98833
98857
98924
98948
99015
99039
99106
99130
99197
100192
100439
100463
100530
100554
100621
100645
100712
100736
100803
100827
100894
100918
100985
101980
102227
102251
102318
102342
102409
102433
102500
102524
102591
102615
102682
102706
102773
103768
104015
104039
104106
104130
104197
104221
104288
104312
104379
104403
104470
104494
104561
105556
105803
105827
105894
105918
105985
106009
106076
106100
106167
106191
106258
106282
106349
107344
107591
107615
107682
107706
107773
107797
107864
107888
107955
107979
108046
108070
108137
109132
109379
109403
109470
109494
109561
109585
109652
109676
109743
109767
109834
109858
109925
110920
111167
111191
111258
111282
111349
111373
111440
111464
111531
111555
111622
111646
111713
112708
113766
114824
284
1014
1744
3532
5320
7108
8896
10684
12472
14260
16048
17836
19624
21412
23200
24988
26776
28564
30352
32140
33928
35716
37504
39292
41080
42868
44656
46444
48232
50020
51808
53596
57788
58518
59248
61036
62824
64612
66400
68188
69976
71764
73552
75340
77128
78916
80704
82492
84280
86068
87856
89644
91432
93220
95008
96796
98584
100372
102160
103948
105736
107524
109312
111100
2428
4216
6004
7792
9580
11368
13156
14944
16732
18520
20308
22096
23884
25672
27460
29248
31036
32824
34612
36400
38188
39976
41764
43552
45340
47128
48916
50704
52492
54280
55338
56396
59932
61720
63508
65296
67084
68872
70660
72448
74236
76024
77812
79600
81388
83176
84964
86752
88540
90328
92116
93904
95692
97480
99268
101056
102844
104632
106420
108208
109996
111784
112842
113900
273
364
455
546
637
728
819
910
1003
1094
1185
1276
1367
1458
1549
1640
1733
1824
1915
2006
2097
2188
2279
2370
3521
3612
3703
3794
3885
3976
4067
4158
5309
5400
5491
5582
5673
5764
5855
5946
7097
7188
7279
7370
7461
7552
7643
7734
8885
8976
9067
9158
9249
9340
9431
9522
10673
10764
10855
10946
11037
11128
11219
11310
12461
12552
12643
12734
12825
12916
13007
13098
14249
14340
14431
14522
14613
14704
14795
14886
16037
16128
16219
16310
16401
16492
16583
16674
17825
17916
18007
18098
18189
18280
18371
18462
19613
19704
19795
19886
19977
20068
20159
20250
21401
21492
21583
21674
21765
21856
21947
22038
23189
23280
23371
23462
23553
23644
23735
23826
24977
25068
25159
25250
25341
25432
25523
25614
26765
26856
26947
27038
27129
27220
27311
27402
28553
28644
28735
28826
28917
29008
29099
29190
30341
30432
30523
30614
30705
30796
30887
30978
32129
32220
32311
32402
32493
32584
32675
32766
33917
34008
34099
34190
34281
34372
34463
34554
35705
35796
35887
35978
36069
36160
36251
36342
37493
37584
37675
37766
37857
37948
38039
38130
39281
39372
39463
39554
39645
39736
39827
39918
41069
41160
41251
41342
41433
41524
41615
41706
42857
42948
43039
43130
43221
43312
43403
43494
44645
44736
44827
44918
45009
45100
45191
45282
46433
46524
46615
46706
46797
46888
46979
47070
48221
48312
48403
48494
48585
48676
48767
48858
50009
50100
50191
50282
50373
50464
50555
50646
51797
51888
51979
52070
52161
52252
52343
52434
53585
53676
53767
53858
53949
54040
54131
54222
57777
57868
57959
58050
58141
58232
58323
58414
58507
58598
58689
58780
58871
58962
59053
59144
59237
59328
59419
59510
59601
59692
59783
59874
61025
61116
61207
61298
61389
61480
61571
61662
62813
62904
62995
63086
63177
63268
63359
63450
64601
64692
64783
64874
64965
65056
65147
65238
66389
66480
66571
66662
66753
66844
66935
67026
68177
68268
68359
68450
68541
68632
68723
68814
69965
70056
70147
70238
70329
70420
70511
70602
71753
71844
71935
72026
72117
72208
72299
72390
73541
73632
73723
73814
73905
73996
74087
74178
75329
75420
75511
75602
75693
75784
75875
75966
77117
77208
77299
77390
77481
77572
77663
77754
78905
78996
79087
79178
79269
79360
79451
79542
80693
80784
80875
80966
81057
81148
81239
81330
82481
82572
82663
82754
82845
82936
83027
83118
84269
84360
84451
84542
84633
84724
84815
84906
86057
86148
86239
86330
86421
86512
86603
86694
87845
87936
88027
88118
88209
88300
88391
88482
89633
89724
89815
89906
89997
90088
90179
90270
91421
91512
91603
91694
91785
91876
91967
92058
93209
93300
93391
93482
93573
93664
93755
93846
94997
95088
95179
95270
95361
95452
95543
95634
96785
96876
96967
97058
97149
97240
97331
97422
98573
98664
98755
98846
98937
99028
99119
99210
100361
100452
100543
100634
100725
100816
100907
100998
102149
102240
102331
102422
102513
102604
102695
102786
103937
104028
104119
104210
104301
104392
104483
104574
105725
105816
105907
105998
106089
106180
106271
106362
107513
107604
107695
107786
107877
107968
108059
108150
109301
109392
109483
109574
109665
109756
109847
109938
111089
111180
111271
111362
111453
111544
111635
111726
115075
115712
115804
116441
116533
117170
117262
117899
117991
118628
118720
119357
119449
120086
120178
120815
120907
121544
121636
122273
122365
123002
123094
123731
123823
124460
124552
125189
125281
125918
126010
126647
126739
127376
127468
128105
128197
128834
128926
129563
129655
130292
130384
131021
131113
131750
131842
132479
132571
133208
133300
133937
134029
134666
134758
135395
135487
136124
136216
136853
136945
137582
137674
138311
138403
139040
139132
139769
139861
140498
140590
141227
141319
141956
142048
142685
142777
143414
143506
144143
144235
144872
144964
145601
145693
146330
146422
147059
147151
147788
147880
148517
148609
149246
149338
149975
150067
150704
150796
151433
151525
152162
152254
152891
152983
153620
153712
154349
154441
155078
155170
155807
155899
156536
156628
157265
157357
157994
158086
158723
158815
159452
159544
160181
160273
160910
161002
161639
2484
2616
2748
2880
3012
3144
3276
3408
4272
4404
4536
4668
4800
4932
5064
5196
6060
6192
6324
6456
6588
6720
6852
6984
7848
7980
8112
8244
8376
8508
8640
8772
9636
9768
9900
10032
10164
10296
10428
10560
11424
11556
11688
11820
11952
12084
12216
12348
13212
13344
13476
13608
13740
13872
14004
14136
15000
15132
15264
15396
15528
15660
15792
15924
16788
16920
17052
17184
17316
17448
17580
17712
18576
18708
18840
18972
19104
19236
19368
19500
20364
20496
20628
20760
20892
21024
21156
21288
22152
22284
22416
22548
22680
22812
22944
23076
23940
24072
24204
24336
24468
24600
24732
24864
25728
25860
25992
26124
26256
26388
26520
26652
27516
27648
27780
27912
28044
28176
28308
28440
29304
29436
29568
29700
29832
29964
30096
30228
31092
31224
31356
31488
31620
31752
31884
32016
32880
33012
33144
33276
33408
33540
33672
33804
34668
34800
34932
35064
35196
35328
35460
35592
36456
36588
36720
36852
36984
37116
37248
37380
38244
38376
38508
38640
38772
38904
39036
39168
40032
40164
40296
40428
40560
40692
40824
40956
41820
41952
42084
42216
42348
42480
42612
42744
43608
43740
43872
44004
44136
44268
44400
44532
45396
45528
45660
45792
45924
46056
46188
46320
47184
47316
47448
47580
47712
47844
47976
48108
48972
49104
49236
49368
49500
49632
49764
49896
50760
50892
51024
51156
51288
51420
51552
51684
52548
52680
52812
52944
53076
53208
53340
53472
54336
54468
54600
54732
54864
54996
55128
55260
55394
55526
55658
55790
55922
56054
56186
56318
56452
56584
56716
56848
56980
57112
57244
57376
59988
60120
60252
60384
60516
60648
60780
60912
61776
61908
62040
62172
62304
62436
62568
62700
63564
63696
63828
63960
64092
64224
64356
64488
65352
65484
65616
65748
65880
66012
66144
66276
67140
67272
67404
67536
67668
67800
67932
68064
68928
69060
69192
69324
69456
69588
69720
69852
70716
70848
70980
71112
71244
71376
71508
71640
72504
72636
72768
72900
73032
73164
73296
73428
74292
74424
74556
74688
74820
74952
75084
75216
76080
76212
76344
76476
76608
76740
76872
77004
77868
78000
78132
78264
78396
78528
78660
78792
79656
79788
79920
80052
80184
80316
80448
80580
81444
81576
81708
81840
81972
82104
82236
82368
83232
83364
83496
83628
83760
83892
84024
84156
85020
85152
85284
85416
85548
85680
85812
85944
86808
86940
87072
87204
87336
87468
87600
87732
88596
88728
88860
88992
89124
89256
89388
89520
90384
90516
90648
90780
90912
91044
91176
91308
92172
92304
92436
92568
92700
92832
92964
93096
93960
94092
94224
94356
94488
94620
94752
94884
95748
95880
96012
96144
96276
96408
96540
96672
97536
97668
97800
97932
98064
98196
98328
98460
99324
99456
99588
99720
99852
99984
100116
100248
101112
101244
101376
101508
101640
101772
101904
102036
102900
103032
103164
103296
103428
103560
103692
103824
104688
104820
104952
105084
105216
105348
105480
105612
106476
106608
106740
106872
107004
107136
107268
107400
108264
108396
108528
108660
108792
108924
109056
109188
110052
110184
110316
110448
110580
110712
110844
110976
111840
111972
112104
112236
112368
112500
112632
112764
112898
113030
113162
113294
113426
113558
113690
113822
113956
114088
114220
114352
114484
114616
114748
114880
207
298
389
480
571
662
753
844
937
1028
1119
1210
1301
1392
1483
1574
1667
1758
1849
1940
2031
2122
2213
2304
3455
3546
3637
3728
3819
3910
4001
4092
5243
5334
5425
5516
5607
5698
5789
5880
7031
7122
7213
7304
7395
7486
7577
7668
8819
8910
9001
9092
9183
9274
9365
9456
10607
10698
10789
10880
10971
11062
11153
11244
12395
12486
12577
12668
12759
12850
12941
13032
14183
14274
14365
14456
14547
14638
14729
14820
15971
16062
16153
16244
16335
16426
16517
16608
17759
17850
17941
18032
18123
18214
18305
18396
19547
19638
19729
19820
19911
20002
20093
20184
21335
21426
21517
21608
21699
21790
21881
21972
23123
23214
23305
23396
23487
23578
23669
23760
24911
25002
25093
25184
25275
25366
25457
25548
26699
26790
26881
26972
27063
27154
27245
27336
28487
28578
28669
28760
28851
28942
29033
29124
30275
30366
30457
30548
30639
30730
30821
30912
32063
32154
32245
32336
32427
32518
32609
32700
33851
33942
34033
34124
34215
34306
34397
34488
35639
35730
35821
35912
36003
36094
36185
36276
37427
37518
37609
37700
37791
37882
37973
38064
39215
39306
39397
39488
39579
39670
39761
39852
41003
41094
41185
41276
41367
41458
41549
41640
42791
42882
42973
43064
43155
43246
43337
43428
44579
44670
44761
44852
44943
45034
45125
45216
46367
46458
46549
46640
46731
46822
46913
47004
48155
48246
48337
48428
48519
48610
48701
48792
49943
50034
50125
50216
50307
50398
50489
50580
51731
51822
51913
52004
52095
52186
52277
52368
53519
53610
53701
53792
53883
53974
54065
54156
57711
57802
57893
57984
58075
58166
58257
58348
58441
58532
58623
58714
58805
58896
58987
59078
59171
59262
59353
59444
59535
59626
59717
59808
60959
61050
61141
61232
61323
61414
61505
61596
62747
62838
62929
63020
63111
63202
63293
63384
64535
64626
64717
64808
64899
64990
65081
65172
66323
66414
66505
66596
66687
66778
66869
66960
68111
68202
68293
68384
68475
68566
68657
68748
69899
69990
70081
70172
70263
70354
70445
70536
71687
71778
71869
71960
72051
72142
72233
72324
73475
73566
73657
73748
73839
73930
74021
74112
75263
75354
75445
75536
75627
75718
75809
75900
77051
77142
77233
77324
77415
77506
77597
77688
78839
78930
79021
79112
79203
79294
79385
79476
80627
80718
80809
80900
80991
81082
81173
81264
82415
82506
82597
82688
82779
82870
82961
83052
84203
84294
84385
84476
84567
84658
84749
84840
85991
86082
86173
86264
86355
86446
86537
86628
87779
87870
87961
88052
88143
88234
88325
88416
89567
89658
89749
89840
89931
90022
90113
90204
91355
91446
91537
91628
91719
91810
91901
91992
93143
93234
93325
93416
93507
93598
93689
93780
94931
95022
95113
95204
95295
95386
95477
95568
96719
96810
96901
96992
97083
97174
97265
97356
98507
98598
98689
98780
98871
98962
99053
99144
100295
100386
100477
100568
100659
100750
100841
100932
102083
102174
102265
102356
102447
102538
102629
102720
103871
103962
104053
104144
104235
104326
104417
104508
105659
105750
105841
105932
106023
106114
106205
106296
107447
107538
107629
107720
107811
107902
107993
108084
109235
109326
109417
109508
109599
109690
109781
109872
111023
111114
111205
111296
111387
111478
111569
111660
115023
115114
115205
115296
115387
115478
115569
115660
115752
115843
115934
116025
116116
116207
116298
116389
116481
116572
116663
116754
116845
116936
117027
117118
117210
117301
117392
117483
117574
117665
117756
117847
117939
118030
118121
118212
118303
118394
118485
118576
118668
118759
118850
118941
119032
119123
119214
119305
119397
119488
119579
119670
119761
119852
119943
120034
120126
120217
120308
120399
120490
120581
120672
120763
120855
120946
121037
121128
121219
121310
121401
121492
121584
121675
121766
121857
121948
122039
122130
122221
122313
122404
122495
122586
122677
122768
122859
122950
123042
123133
123224
123315
123406
123497
123588
123679
123771
123862
123953
124044
124135
124226
124317
124408
124500
124591
124682
124773
124864
124955
125046
125137
125229
125320
125411
125502
125593
125684
125775
125866
125958
126049
126140
126231
126322
126413
126504
126595
126687
126778
126869
126960
127051
127142
127233
127324
127416
127507
127598
127689
127780
127871
127962
128053
128145
128236
128327
128418
128509
128600
128691
128782
128874
128965
129056
129147
129238
129329
129420
129511
129603
129694
129785
129876
129967
130058
130149
130240
130332
130423
130514
130605
130696
130787
130878
130969
131061
131152
131243
131334
131425
131516
131607
131698
131790
131881
131972
132063
132154
132245
132336
132427
132519
132610
132701
132792
132883
132974
133065
133156
133248
133339
133430
133521
133612
133703
133794
133885
133977
134068
134159
134250
134341
134432
134523
134614
134706
134797
134888
134979
135070
135161
135252
135343
135435
135526
135617
135708
135799
135890
135981
136072
136164
136255
136346
136437
136528
136619
136710
136801
136893
136984
137075
137166
137257
137348
137439
137530
137622
137713
137804
137895
137986
138077
138168
138259
138351
138442
138533
138624
138715
138806
138897
138988
139080
139171
139262
139353
139444
139535
139626
139717
139809
139900
139991
140082
140173
140264
140355
140446
140538
140629
140720
140811
140902
140993
141084
141175
141267
141358
141449
141540
141631
141722
141813
141904
141996
142087
142178
142269
142360
142451
142542
142633
142725
142816
142907
142998
143089
143180
143271
143362
143454
143545
143636
143727
143818
143909
144000
144091
144183
144274
144365
144456
144547
144638
144729
144820
144912
145003
145094
145185
145276
145367
145458
145549
145641
145732
145823
145914
146005
146096
146187
146278
146370
146461
146552
146643
146734
146825
146916
147007
147099
147190
147281
147372
147463
147554
147645
147736
147828
147919
148010
148101
148192
148283
148374
148465
148557
148648
148739
148830
148921
149012
149103
149194
149286
149377
149468
149559
149650
149741
149832
149923
150015
150106
150197
150288
150379
150470
150561
150652
150744
150835
150926
151017
151108
151199
151290
151381
151473
151564
151655
151746
151837
151928
152019
152110
152202
152293
152384
152475
152566
152657
152748
152839
152931
153022
153113
153204
153295
153386
153477
153568
153660
153751
153842
153933
154024
154115
154206
154297
154389
154480
154571
154662
154753
154844
154935
155026
155118
155209
155300
155391
155482
155573
155664
155755
155847
155938
156029
156120
156211
156302
156393
156484
156576
156667
156758
156849
156940
157031
157122
157213
157305
157396
157487
157578
157669
157760
157851
157942
158034
158125
158216
158307
158398
158489
158580
158671
158763
158854
158945
159036
159127
159218
159309
159400
159492
159583
159674
159765
159856
159947
160038
160129
160221
160312
160403
160494
160585
160676
160767
160858
160950
161041
161132
161223
161314
161405
161496
161587
260
272
363
454
545
636
727
818
909
990
1002
1093
1184
1275
1366
1457
1548
1639
1720
1732
1823
1914
2005
2096
2187
2278
2369
3508
3520
3611
3702
3793
3884
3975
4066
4157
5296
5308
5399
5490
5581
5672
5763
5854
5945
7084
7096
7187
7278
7369
7460
7551
7642
7733
8872
8884
8975
9066
9157
9248
9339
9430
9521
10660
10672
10763
10854
10945
11036
11127
11218
11309
12448
12460
12551
12642
12733
12824
12915
13006
13097
14236
14248
14339
14430
14521
14612
14703
14794
14885
16024
16036
16127
16218
16309
16400
16491
16582
16673
17812
17824
17915
18006
18097
18188
18279
18370
18461
19600
19612
19703
19794
19885
19976
20067
20158
20249
21388
21400
21491
21582
21673
21764
21855
21946
22037
23176
23188
23279
23370
23461
23552
23643
23734
23825
24964
24976
25067
25158
25249
25340
25431
25522
25613
26752
26764
26855
26946
27037
27128
27219
27310
27401
28540
28552
28643
28734
28825
28916
29007
29098
29189
30328
30340
30431
30522
30613
30704
30795
30886
30977
32116
32128
32219
32310
32401
32492
32583
32674
32765
33904
33916
34007
34098
34189
34280
34371
34462
34553
35692
35704
35795
35886
35977
36068
36159
36250
36341
37480
37492
37583
37674
37765
37856
37947
38038
38129
39268
39280
39371
39462
39553
39644
39735
39826
39917
41056
41068
41159
41250
41341
41432
41523
41614
41705
42844
42856
42947
43038
43129
43220
43311
43402
43493
44632
44644
44735
44826
44917
45008
45099
45190
45281
46420
46432
46523
46614
46705
46796
46887
46978
47069
48208
48220
48311
48402
48493
48584
48675
48766
48857
49996
50008
50099
50190
50281
50372
50463
50554
50645
51784
51796
51887
51978
52069
52160
52251
52342
52433
53572
53584
53675
53766
53857
53948
54039
54130
54221
57764
57776
57867
57958
58049
58140
58231
58322
58413
58494
58506
58597
58688
58779
58870
58961
59052
59143
59224
59236
59327
59418
59509
59600
59691
59782
59873
61012
61024
61115
61206
61297
61388
61479
61570
61661
62800
62812
62903
62994
63085
63176
63267
63358
63449
64588
64600
64691
64782
64873
64964
65055
65146
65237
66376
66388
66479
66570
66661
66752
66843
66934
67025
68164
68176
68267
68358
68449
68540
68631
68722
68813
69952
69964
70055
70146
70237
70328
70419
70510
70601
71740
71752
71843
71934
72025
72116
72207
72298
72389
73528
73540
73631
73722
73813
73904
73995
74086
74177
75316
75328
75419
75510
75601
75692
75783
75874
75965
77104
77116
77207
77298
77389
77480
77571
77662
77753
78892
78904
78995
79086
79177
79268
79359
79450
79541
80680
80692
80783
80874
80965
81056
81147
81238
81329
82468
82480
82571
82662
82753
82844
82935
83026
83117
84256
84268
84359
84450
84541
84632
84723
84814
84905
86044
86056
86147
86238
86329
86420
86511
86602
86693
87832
87844
87935
88026
88117
88208
88299
88390
88481
89620
89632
89723
89814
89905
89996
90087
90178
90269
91408
91420
91511
91602
91693
91784
91875
91966
92057
93196
93208
93299
93390
93481
93572
93663
93754
93845
94984
94996
95087
95178
95269
95360
95451
95542
95633
96772
96784
96875
96966
97057
97148
97239
97330
97421
98560
98572
98663
98754
98845
98936
99027
99118
99209
100348
100360
100451
100542
100633
100724
100815
100906
100997
102136
102148
102239
102330
102421
102512
102603
102694
102785
103924
103936
104027
104118
104209
104300
104391
104482
104573
105712
105724
105815
105906
105997
106088
106179
106270
106361
107500
107512
107603
107694
107785
107876
107967
108058
108149
109288
109300
109391
109482
109573
109664
109755
109846
109937
111076
111088
111179
111270
111361
111452
111543
111634
111725
2426
2512
2558
2644
2690
2776
2822
2908
2954
3040
3086
3172
3218
3304
4214
4300
4346
4432
4478
4564
4610
4696
4742
4828
4874
4960
5006
5092
6002
6088
6134
6220
6266
6352
6398
6484
6530
6616
6662
6748
6794
6880
7790
7876
7922
8008
8054
8140
8186
8272
8318
8404
8450
8536
8582
8668
9578
9664
9710
9796
9842
9928
9974
10060
10106
10192
10238
10324
10370
10456
11366
11452
11498
11584
11630
11716
11762
11848
11894
11980
12026
12112
12158
12244
13154
13240
13286
13372
13418
13504
13550
13636
13682
13768
13814
13900
13946
14032
14942
15028
15074
15160
15206
15292
15338
15424
15470
15556
15602
15688
15734
15820
16730
16816
16862
16948
16994
17080
17126
17212
17258
17344
17390
17476
17522
17608
18518
18604
18650
18736
18782
18868
18914
19000
19046
19132
19178
19264
19310
19396
20306
20392
20438
20524
20570
20656
20702
20788
20834
20920
20966
21052
21098
21184
22094
22180
22226
22312
22358
22444
22490
22576
22622
22708
22754
22840
22886
22972
23882
23968
24014
24100
24146
24232
24278
24364
24410
24496
24542
24628
24674
24760
25670
25756
25802
25888
25934
26020
26066
26152
26198
26284
26330
26416
26462
26548
27458
27544
27590
27676
27722
27808
27854
27940
27986
28072
28118
28204
28250
28336
29246
29332
29378
29464
29510
29596
29642
29728
29774
29860
29906
29992
30038
30124
31034
31120
31166
31252
31298
31384
31430
31516
31562
31648
31694
31780
31826
31912
32822
32908
32954
33040
33086
33172
33218
33304
33350
33436
33482
33568
33614
33700
34610
34696
34742
34828
34874
34960
35006
35092
35138
35224
35270
35356
35402
35488
36398
36484
36530
36616
36662
36748
36794
36880
36926
37012
37058
37144
37190
37276
38186
38272
38318
38404
38450
38536
38582
38668
38714
38800
38846
38932
38978
39064
39974
40060
40106
40192
40238
40324
40370
40456
40502
40588
40634
40720
40766
40852
41762
41848
41894
41980
42026
42112
42158
42244
42290
42376
42422
42508
42554
42640
43550
43636
43682
43768
43814
43900
43946
44032
44078
44164
44210
44296
44342
44428
45338
45424
45470
45556
45602
45688
45734
45820
45866
45952
45998
46084
46130
46216
47126
47212
47258
47344
47390
47476
47522
47608
47654
47740
47786
47872
47918
48004
48914
49000
49046
49132
49178
49264
49310
49396
49442
49528
49574
49660
49706
49792
50702
50788
50834
50920
50966
51052
51098
51184
51230
51316
51362
51448
51494
51580
52490
52576
52622
52708
52754
52840
52886
52972
53018
53104
53150
53236
53282
53368
54278
54364
54410
54496
54542
54628
54674
54760
54806
54892
54938
55024
55070
55156
55336
55422
55468
55554
55600
55686
55732
55818
55864
55950
55996
56082
56128
56214
56394
56480
56526
56612
56658
56744
56790
56876
56922
57008
57054
57140
57186
57272
59930
60016
60062
60148
60194
60280
60326
60412
60458
60544
60590
60676
60722
60808
61718
61804
61850
61936
61982
62068
62114
62200
62246
62332
62378
62464
62510
62596
63506
63592
63638
63724
63770
63856
63902
63988
64034
64120
64166
64252
64298
64384
65294
65380
65426
65512
65558
65644
65690
65776
65822
65908
65954
66040
66086
66172
67082
67168
67214
67300
67346
67432
67478
67564
67610
67696
67742
67828
67874
67960
68870
68956
69002
69088
69134
69220
69266
69352
69398
69484
69530
69616
69662
69748
70658
70744
70790
70876
70922
71008
71054
71140
71186
71272
71318
71404
71450
71536
72446
72532
72578
72664
72710
72796
72842
72928
72974
73060
73106
73192
73238
73324
74234
74320
74366
74452
74498
74584
74630
74716
74762
74848
74894
74980
75026
75112
76022
76108
76154
76240
76286
76372
76418
76504
76550
76636
76682
76768
76814
76900
77810
77896
77942
78028
78074
78160
78206
78292
78338
78424
78470
78556
78602
78688
79598
79684
79730
79816
79862
79948
79994
80080
80126
80212
80258
80344
80390
80476
81386
81472
81518
81604
81650
81736
81782
81868
81914
82000
82046
82132
82178
82264
83174
83260
83306
83392
83438
83524
83570
83656
83702
83788
83834
83920
83966
84052
84962
85048
85094
85180
85226
85312
85358
85444
85490
85576
85622
85708
85754
85840
86750
86836
86882
86968
87014
87100
87146
87232
87278
87364
87410
87496
87542
87628
88538
88624
88670
88756
88802
88888
88934
89020
89066
89152
89198
89284
89330
89416
90326
90412
90458
90544
90590
90676
90722
90808
90854
90940
90986
91072
91118
91204
92114
92200
92246
92332
92378
92464
92510
92596
92642
92728
92774
92860
92906
92992
93902
93988
94034
94120
94166
94252
94298
94384
94430
94516
94562
94648
94694
94780
95690
95776
95822
95908
95954
96040
96086
96172
96218
96304
96350
96436
96482
96568
97478
97564
97610
97696
97742
97828
97874
97960
98006
98092
98138
98224
98270
98356
99266
99352
99398
99484
99530
99616
99662
99748
99794
99880
99926
100012
100058
100144
101054
101140
101186
101272
101318
101404
101450
101536
101582
101668
101714
101800
101846
101932
102842
102928
102974
103060
103106
103192
103238
103324
103370
103456
103502
103588
103634
103720
104630
104716
104762
104848
104894
104980
105026
105112
105158
105244
105290
105376
105422
105508
106418
106504
106550
106636
106682
106768
106814
106900
106946
107032
107078
107164
107210
107296
108206
108292
108338
108424
108470
108556
108602
108688
108734
108820
108866
108952
108998
109084
109994
110080
110126
110212
110258
110344
110390
110476
110522
110608
110654
110740
110786
110872
111782
111868
111914
112000
112046
112132
112178
112264
112310
112396
112442
112528
112574
112660
112840
112926
112972
113058
113104
113190
113236
113322
113368
113454
113500
113586
113632
113718
113898
113984
114030
114116
114162
114248
114294
114380
114426
114512
114558
114644
114690
114776
2399
2531
2663
2795
2927
3059
3191
3323
4187
4319
4451
4583
4715
4847
4979
5111
5975
6107
6239
6371
6503
6635
6767
6899
7763
7895
8027
8159
8291
8423
8555
8687
9551
9683
9815
9947
10079
10211
10343
10475
11339
11471
11603
11735
11867
11999
12131
12263
13127
13259
13391
13523
13655
13787
13919
14051
14915
15047
15179
15311
15443
15575
15707
15839
16703
16835
16967
17099
17231
17363
17495
17627
18491
18623
18755
18887
19019
19151
19283
19415
20279
20411
20543
20675
20807
20939
21071
21203
22067
22199
22331
22463
22595
22727
22859
22991
23855
23987
24119
24251
24383
24515
24647
24779
25643
25775
25907
26039
26171
26303
26435
26567
27431
27563
27695
27827
27959
28091
28223
28355
29219
29351
29483
29615
29747
29879
30011
30143
31007
31139
31271
31403
31535
31667
31799
31931
32795
32927
33059
33191
33323
33455
33587
33719
34583
34715
34847
34979
35111
35243
35375
35507
36371
36503
36635
36767
36899
37031
37163
37295
38159
38291
38423
38555
38687
38819
38951
39083
39947
40079
40211
40343
40475
40607
40739
40871
41735
41867
41999
42131
42263
42395
42527
42659
43523
43655
43787
43919
44051
44183
44315
44447
45311
45443
45575
45707
45839
45971
46103
46235
47099
47231
47363
47495
47627
47759
47891
48023
48887
49019
49151
49283
49415
49547
49679
49811
50675
50807
50939
51071
51203
51335
51467
51599
52463
52595
52727
52859
52991
53123
53255
53387
54251
54383
54515
54647
54779
54911
55043
55175
55309
55441
55573
55705
55837
55969
56101
56233
56367
56499
56631
56763
56895
57027
57159
57291
59903
60035
60167
60299
60431
60563
60695
60827
61691
61823
61955
62087
62219
62351
62483
62615
63479
63611
63743
63875
64007
64139
64271
64403
65267
65399
65531
65663
65795
65927
66059
66191
67055
67187
67319
67451
67583
67715
67847
67979
68843
68975
69107
69239
69371
69503
69635
69767
70631
70763
70895
71027
71159
71291
71423
71555
72419
72551
72683
72815
72947
73079
73211
73343
74207
74339
74471
74603
74735
74867
74999
75131
75995
76127
76259
76391
76523
76655
76787
76919
77783
77915
78047
78179
78311
78443
78575
78707
79571
79703
79835
79967
80099
80231
80363
80495
81359
81491
81623
81755
81887
82019
82151
82283
83147
83279
83411
83543
83675
83807
83939
84071
84935
85067
85199
85331
85463
85595
85727
85859
86723
86855
86987
87119
87251
87383
87515
87647
88511
88643
88775
88907
89039
89171
89303
89435
90299
90431
90563
90695
90827
90959
91091
91223
92087
92219
92351
92483
92615
92747
92879
93011
93875
94007
94139
94271
94403
94535
94667
94799
95663
95795
95927
96059
96191
96323
96455
96587
97451
97583
97715
97847
97979
98111
98243
98375
99239
99371
99503
99635
99767
99899
100031
100163
101027
101159
101291
101423
101555
101687
101819
101951
102815
102947
103079
103211
103343
103475
103607
103739
104603
104735
104867
104999
105131
105263
105395
105527
106391
106523
106655
106787
106919
107051
107183
107315
108179
108311
108443
108575
108707
108839
108971
109103
109967
110099
110231
110363
110495
110627
110759
110891
111755
111887
112019
112151
112283
112415
112547
112679
112813
112945
113077
113209
113341
113473
113605
113737
113871
114003
114135
114267
114399
114531
114663
114795
2427
2513
2559
2645
2691
2777
2823
2909
2955
3041
3087
3173
3219
4215
4301
4347
4433
4479
4565
4611
4697
4743
4829
4875
4961
5007
6003
6089
6135
6221
6267
6353
6399
6485
6531
6617
6663
6749
6795
7791
7877
7923
8009
8055
8141
8187
8273
8319
8405
8451
8537
8583
9579
9665
9711
9797
9843
9929
9975
10061
10107
10193
10239
10325
10371
11367
11453
11499
11585
11631
11717
11763
11849
11895
11981
12027
12113
12159
13155
13241
13287
13373
13419
13505
13551
13637
13683
13769
13815
13901
13947
14943
15029
15075
15161
15207
15293
15339
15425
15471
15557
15603
15689
15735
16731
16817
16863
16949
16995
17081
17127
17213
17259
17345
17391
17477
17523
18519
18605
18651
18737
18783
18869
18915
19001
19047
19133
19179
19265
19311
20307
20393
