1
7
9
13
19
21
25
31
33
37
43
45
49
55
57
61
67
69
73
79
81
85
91
93
97
62356
62364
62372
62380
62388
62396
62404
62412
62418
62420
62422
62424
62426
62428
62430
62432
62434
62436
62438
62440
62442
62444
62446
62448
62450
3
11
15
23
27
35
39
47
51
59
63
71
75
83
87
95
99
62352
62358
62360
62366
62368
62374
62376
62382
62384
62390
62392
62398
62400
62406
62408
62414
62416
124408
124416
124424
124432
124440
124448
124456
124464
5
17
29
41
53
65
77
89
62354
62362
62370
62378
62386
62394
62402
62410
124404
124406
124410
124412
124414
124418
124420
124422
124426
124428
124430
124434
124436
124438
124442
124444
124446
124450
124452
124454
124458
124460
124462
124466
124468
124470
124472
124474
124476
124478
124480
124482
124484
124486
124488
124490
124492
124494
124496
124498
124500
124502
386
455
479
548
572
641
665
734
758
2322
2391
2415
2484
2508
2577
2601
2670
2694
4258
4327
4351
4420
4444
4513
4537
4606
4630
6194
6263
6287
6356
6380
6449
6473
6542
6566
8130
8199
8223
8292
8316
8385
8409
8478
8502
10066
10135
10159
10228
10252
10321
10345
10414
10438
12002
12071
12095
12164
12188
12257
12281
12350
12374
13938
14007
14031
14100
14124
14193
14217
14286
14310
15874
15943
15967
16036
16060
16129
16153
16222
16246
17810
17879
17903
17972
17996
18065
18089
18158
18182
19746
19815
19839
19908
19932
20001
20025
20094
20118
21682
21751
21775
21844
21868
21937
21961
22030
22054
23618
23687
23711
23780
23804
23873
23897
23966
23990
25554
25623
25647
25716
25740
25809
25833
25902
25926
27490
27559
27583
27652
27676
27745
27769
27838
27862
29426
29495
29519
29588
29612
29681
29705
29774
29798
31362
31431
31455
31524
31548
31617
31641
31710
31734
33298
33367
33391
33460
33484
33553
33577
33646
33670
35234
35303
35327
35396
35420
35489
35513
35582
35606
37170
37239
37263
37332
37356
37425
37449
37518
37542
39106
39175
39199
39268
39292
39361
39385
39454
39478
41042
41111
41135
41204
41228
41297
41321
41390
41414
42978
43047
43071
43140
43164
43233
43257
43326
43350
44914
44983
45007
45076
45100
45169
45193
45262
45286
46850
46919
46943
47012
47036
47105
47129
47198
47222
48786
48855
48879
48948
48972
49041
49065
49134
49158
50722
50791
50815
50884
50908
50977
51001
51070
51094
52658
52727
52751
52820
52844
52913
52937
53006
53030
54594
54663
54687
54756
54780
54849
54873
54942
54966
56530
56599
56623
56692
56716
56785
56809
56878
56902
58466
58535
58559
58628
58652
58721
58745
58814
58838
60402
60471
60495
60564
60588
60657
60681
60750
60774
62638
62707
62731
62800
62824
62893
62917
62986
63010
64574
64643
64667
64736
64760
64829
64853
64922
64946
66510
66579
66603
66672
66696
66765
66789
66858
66882
68446
68515
68539
68608
68632
68701
68725
68794
68818
70382
70451
70475
70544
70568
70637
70661
70730
70754
72318
72387
72411
72480
72504
72573
72597
72666
72690
74254
74323
74347
74416
74440
74509
74533
74602
74626
76190
76259
76283
76352
76376
76445
76469
76538
76562
78126
78195
78219
78288
78312
78381
78405
78474
78498
80062
80131
80155
80224
80248
80317
80341
80410
80434
81998
82067
82091
82160
82184
82253
82277
82346
82370
83934
84003
84027
84096
84120
84189
84213
84282
84306
85870
85939
85963
86032
86056
86125
86149
86218
86242
87806
87875
87899
87968
87992
88061
88085
88154
88178
89742
89811
89835
89904
89928
89997
90021
90090
90114
91678
91747
91771
91840
91864
91933
91957
92026
92050
93614
93683
93707
93776
93800
93869
93893
93962
93986
95550
95619
95643
95712
95736
95805
95829
95898
95922
97486
97555
97579
97648
97672
97741
97765
97834
97858
99422
99491
99515
99584
99608
99677
99701
99770
99794
101358
101427
101451
101520
101544
101613
101637
101706
101730
103294
103363
103387
103456
103480
103549
103573
103642
103666
105230
105299
105323
105392
105416
105485
105509
105578
105602
107166
107235
107259
107328
107352
107421
107445
107514
107538
109102
109171
109195
109264
109288
109357
109381
109450
109474
111038
111107
111131
111200
111224
111293
111317
111386
111410
112974
113043
113067
113136
113160
113229
113253
113322
113346
114910
114979
115003
115072
115096
115165
115189
115258
115282
116846
116915
116939
117008
117032
117101
117125
117194
117218
118782
118851
118875
118944
118968
119037
119061
119130
119154
120718
120787
120811
120880
120904
120973
120997
121066
121090
122654
122723
122747
122816
122840
122909
122933
123002
123026
827
2763
4699
6635
8571
10507
12443
14379
16315
18251
20187
22123
24059
25995
27931
29867
31803
33739
35675
37611
39547
41483
43419
45355
47291
49227
51163
53099
55035
56971
58907
60843
63079
65015
66951
68887
70823
72759
74695
76631
78567
80503
82439
84375
86311
88247
90183
92119
94055
95991
97927
99863
101799
103735
105671
107607
109543
111479
113415
115351
117287
119223
121159
123095
362
2298
4234
6170
8106
10042
11978
13914
15850
17786
19722
21658
23594
25530
27466
29402
31338
33274
35210
37146
39082
41018
42954
44890
46826
48762
50698
52634
54570
56506
58442
60378
62614
64550
66486
68422
70358
72294
74230
76166
78102
80038
81974
83910
85846
87782
89718
91654
93590
95526
97462
99398
101334
103270
105206
107142
109078
111014
112950
114886
116822
118758
120694
122630
851
2787
4723
6659
8595
10531
12467
14403
16339
18275
20211
22147
24083
26019
27955
29891
31827
33763
35699
37635
39571
41507
43443
45379
47315
49251
51187
53123
55059
56995
58931
60867
63103
65039
66975
68911
70847
72783
74719
76655
78591
80527
82463
84399
86335
88271
90207
92143
94079
96015
97951
99887
101823
103759
105695
107631
109567
111503
113439
115375
117311
119247
121183
123119
293
2229
4165
6101
8037
9973
11909
13845
15781
17717
19653
21589
23525
25461
27397
29333
31269
33205
35141
37077
39013
40949
42885
44821
46757
48693
50629
52565
54501
56437
58373
60309
62545
64481
66417
68353
70289
72225
74161
76097
78033
79969
81905
83841
85777
87713
89649
91585
93521
95457
97393
99329
101265
103201
105137
107073
109009
110945
112881
114817
116753
118689
120625
122561
1330
1464
1598
1732
1866
3266
3400
3534
3668
3802
5202
5336
5470
5604
5738
7138
7272
7406
7540
7674
9074
9208
9342
9476
9610
11010
11144
11278
11412
11546
12946
13080
13214
13348
13482
14882
15016
15150
15284
15418
16818
16952
17086
17220
17354
18754
18888
19022
19156
19290
20690
20824
20958
21092
21226
22626
22760
22894
23028
23162
24562
24696
24830
24964
25098
26498
26632
26766
26900
27034
28434
28568
28702
28836
28970
30370
30504
30638
30772
30906
32306
32440
32574
32708
32842
34242
34376
34510
34644
34778
36178
36312
36446
36580
36714
38114
38248
38382
38516
38650
40050
40184
40318
40452
40586
41986
42120
42254
42388
42522
43922
44056
44190
44324
44458
45858
45992
46126
46260
46394
47794
47928
48062
48196
48330
49730
49864
49998
50132
50266
51666
51800
51934
52068
52202
53602
53736
53870
54004
54138
55538
55672
55806
55940
56074
57474
57608
57742
57876
58010
59410
59544
59678
59812
59946
61346
61480
61614
61748
61882
63582
63716
63850
63984
64118
65518
65652
65786
65920
66054
67454
67588
67722
67856
67990
69390
69524
69658
69792
69926
71326
71460
71594
71728
71862
73262
73396
73530
73664
73798
75198
75332
75466
75600
75734
77134
77268
77402
77536
77670
79070
79204
79338
79472
79606
81006
81140
81274
81408
81542
82942
83076
83210
83344
83478
84878
85012
85146
85280
85414
86814
86948
87082
87216
87350
88750
88884
89018
89152
89286
90686
90820
90954
91088
91222
92622
92756
92890
93024
93158
94558
94692
94826
94960
95094
96494
96628
96762
96896
97030
98430
98564
98698
98832
98966
100366
100500
100634
100768
100902
102302
102436
102570
102704
102838
104238
104372
104506
104640
104774
106174
106308
106442
106576
106710
108110
108244
108378
108512
108646
110046
110180
110314
110448
110582
111982
112116
112250
112384
112518
113918
114052
114186
114320
114454
115854
115988
116122
116256
116390
117790
117924
118058
118192
118326
119726
119860
119994
120128
120262
121662
121796
121930
122064
122198
123598
123732
123866
124000
124134
1376
1510
1644
1778
3312
3446
3580
3714
5248
5382
5516
5650
7184
7318
7452
7586
9120
9254
9388
9522
11056
11190
11324
11458
12992
13126
13260
13394
14928
15062
15196
15330
16864
16998
17132
17266
18800
18934
19068
19202
20736
20870
21004
21138
22672
22806
22940
23074
24608
24742
24876
25010
26544
26678
26812
26946
28480
28614
28748
28882
30416
30550
30684
30818
32352
32486
32620
32754
34288
34422
34556
34690
36224
36358
36492
36626
38160
38294
38428
38562
40096
40230
40364
40498
42032
42166
42300
42434
43968
44102
44236
44370
45904
46038
46172
46306
47840
47974
48108
48242
49776
49910
50044
50178
51712
51846
51980
52114
53648
53782
53916
54050
55584
55718
55852
55986
57520
57654
57788
57922
59456
59590
59724
59858
61392
61526
61660
61794
63628
63762
63896
64030
65564
65698
65832
65966
67500
67634
67768
67902
69436
69570
69704
69838
71372
71506
71640
71774
73308
73442
73576
73710
75244
75378
75512
75646
77180
77314
77448
77582
79116
79250
79384
79518
81052
81186
81320
81454
82988
83122
83256
83390
84924
85058
85192
85326
86860
86994
87128
87262
88796
88930
89064
89198
90732
90866
91000
91134
92668
92802
92936
93070
94604
94738
94872
95006
96540
96674
96808
96942
98476
98610
98744
98878
100412
100546
100680
100814
102348
102482
102616
102750
104284
104418
104552
104686
106220
106354
106488
106622
108156
108290
108424
108558
110092
110226
110360
110494
112028
112162
112296
112430
113964
114098
114232
114366
115900
116034
116168
116302
117836
117970
118104
118238
119772
119906
120040
120174
121708
121842
121976
122110
123644
123778
123912
124046
920
2856
4792
6728
8664
10600
12536
14472
16408
18344
20280
22216
24152
26088
28024
29960
31896
33832
35768
37704
39640
41576
43512
45448
47384
49320
51256
53192
55128
57064
59000
60936
63172
65108
67044
68980
70916
72852
74788
76724
78660
80596
82532
84468
86404
88340
90276
92212
94148
96084
98020
99956
101892
103828
105764
107700
109636
111572
113508
115444
117380
119316
121252
123188
1242
3178
5114
7050
8986
10922
12858
14794
16730
18666
20602
22538
24474
26410
28346
30282
32218
34154
36090
38026
39962
41898
43834
45770
47706
49642
51578
53514
55450
57386
59322
61258
63494
65430
67366
69302
71238
73174
75110
77046
78982
80918
82854
84790
86726
88662
90598
92534
94470
96406
98342
100278
102214
104150
106086
108022
109958
111894
113830
115766
117702
119638
121574
123510
1912
3848
5784
7720
9656
11592
13528
15464
17400
19336
21272
23208
25144
27080
29016
30952
32888
34824
36760
38696
40632
42568
44504
46440
48376
50312
52248
54184
56120
58056
59992
61928
64164
66100
68036
69972
71908
73844
75780
77716
79652
81588
83524
85460
87396
89332
91268
93204
95140
97076
99012
100948
102884
104820
106756
108692
110628
112564
114500
116436
118372
120308
122244
124180
1196
3132
5068
7004
8940
10876
12812
14748
16684
18620
20556
22492
24428
26364
28300
30236
32172
34108
36044
37980
39916
41852
43788
45724
47660
49596
51532
53468
55404
57340
59276
61212
63448
65384
67320
69256
71192
73128
75064
77000
78936
80872
82808
84744
86680
88616
90552
92488
94424
96360
98296
100232
102168
104104
106040
107976
109912
111848
113784
115720
117656
119592
121528
123464
2000
3936
5872
7808
9744
11680
13616
15552
17488
19424
21360
23296
25232
27168
29104
31040
32976
34912
36848
38784
40720
42656
44592
46528
48464
50400
52336
54272
56208
58144
60080
62016
64252
66188
68124
70060
71996
73932
75868
77804
79740
81676
83612
85548
87484
89420
91356
93292
95228
97164
99100
101036
102972
104908
106844
108780
110716
112652
114588
116524
118460
120396
122332
124268
1108
3044
4980
6916
8852
10788
12724
14660
16596
18532
20468
22404
24340
26276
28212
30148
32084
34020
35956
37892
39828
41764
43700
45636
47572
49508
51444
53380
55316
57252
59188
61124
63360
65296
67232
69168
71104
73040
74976
76912
78848
80784
82720
84656
86592
88528
90464
92400
94336
96272
98208
100144
102080
104016
105952
107888
109824
111760
113696
115632
117568
119504
121440
123376
124690
124759
124783
124852
124876
124945
124969
125038
125062
125489
125558
125582
125651
125675
125744
125768
125837
125861
126288
126357
126381
126450
126474
126543
126567
126636
126660
127087
127156
127180
127249
127273
127342
127366
127435
127459
127886
127955
127979
128048
128072
128141
128165
128234
128258
128685
128754
128778
128847
128871
128940
128964
129033
129057
129484
129553
129577
129646
129670
129739
129763
129832
129856
130283
130352
130376
130445
130469
130538
130562
130631
130655
131082
131151
131175
131244
131268
131337
131361
131430
131454
131881
131950
131974
132043
132067
132136
132160
132229
132253
132680
132749
132773
132842
132866
132935
132959
133028
133052
133479
133548
133572
133641
133665
133734
133758
133827
133851
134278
134347
134371
134440
134464
134533
134557
134626
134650
135077
135146
135170
135239
135263
135332
135356
135425
135449
135876
135945
135969
136038
136062
136131
136155
136224
136248
136675
136744
136768
136837
136861
136930
136954
137023
137047
137474
137543
137567
137636
137660
137729
137753
137822
137846
138273
138342
138366
138435
138459
138528
138552
138621
138645
139072
139141
139165
139234
139258
139327
139351
139420
139444
139871
139940
139964
140033
140057
140126
140150
140219
140243
140670
140739
140763
140832
140856
140925
140949
141018
141042
141469
141538
141562
141631
141655
141724
141748
141817
141841
142268
142337
142361
142430
142454
142523
142547
142616
142640
143067
143136
143160
143229
143253
143322
143346
143415
143439
143866
143935
143959
144028
144052
144121
144145
144214
144238
144665
144734
144758
144827
144851
144920
144944
145013
145037
145464
145533
145557
145626
145650
145719
145743
145812
145836
146263
146332
146356
146425
146449
146518
146542
146611
146635
147062
147131
147155
147224
147248
147317
147341
147410
147434
147861
147930
147954
148023
148047
148116
148140
148209
148233
148660
148729
148753
148822
148846
148915
148939
149008
149032
149459
149528
149552
149621
149645
149714
149738
149807
149831
150294
150363
150387
150456
150480
150549
150573
150642
150666
151093
151162
151186
151255
151279
151348
151372
151441
151465
151892
151961
151985
152054
152078
152147
152171
152240
152264
152691
152760
152784
152853
152877
152946
152970
153039
153063
153490
153559
153583
153652
153676
153745
153769
153838
153862
154289
154358
154382
154451
154475
154544
154568
154637
154661
155088
155157
155181
155250
155274
155343
155367
155436
155460
155887
155956
155980
156049
156073
156142
156166
156235
156259
156686
156755
156779
156848
156872
156941
156965
157034
157058
157485
157554
157578
157647
157671
157740
157764
157833
157857
158284
158353
158377
158446
158470
158539
158563
158632
158656
159083
159152
159176
159245
159269
159338
159362
159431
159455
159882
159951
159975
160044
160068
160137
160161
160230
160254
160681
160750
160774
160843
160867
160936
160960
161029
161053
161480
161549
161573
161642
161666
161735
161759
161828
161852
162279
162348
162372
162441
162465
162534
162558
162627
162651
163078
163147
163171
163240
163264
163333
163357
163426
163450
163877
163946
163970
164039
164063
164132
164156
164225
164249
164676
164745
164769
164838
164862
164931
164955
165024
165048
165475
165544
165568
165637
165661
165730
165754
165823
165847
166274
166343
166367
166436
166460
166529
166553
166622
166646
167073
167142
167166
167235
167259
167328
167352
167421
167445
167872
167941
167965
168034
168058
168127
168151
168220
168244
168671
168740
168764
168833
168857
168926
168950
169019
169043
169470
169539
169563
169632
169656
169725
169749
169818
169842
170269
170338
170362
170431
170455
170524
170548
170617
170641
171068
171137
171161
171230
171254
171323
171347
171416
171440
171867
171936
171960
172029
172053
172122
172146
172215
172239
172666
172735
172759
172828
172852
172921
172945
173014
173038
173465
173534
173558
173627
173651
173720
173744
173813
173837
174264
174333
174357
174426
174450
174519
174543
174612
174636
175063
175132
175156
175225
175249
175318
175342
175411
175435
125131
125930
126729
127528
128327
129126
129925
130724
131523
132322
133121
133920
134719
135518
136317
137116
137915
138714
139513
140312
141111
141910
142709
143508
144307
145106
145905
146704
147503
148302
149101
149900
150735
151534
152333
153132
153931
154730
155529
156328
157127
157926
158725
159524
160323
161122
161921
162720
163519
164318
165117
165916
166715
167514
168313
169112
169911
170710
171509
172308
173107
173906
174705
175504
124666
125465
126264
127063
127862
128661
129460
130259
131058
131857
132656
133455
134254
135053
135852
136651
137450
138249
139048
139847
140646
141445
142244
143043
143842
144641
145440
146239
147038
147837
148636
149435
150270
151069
151868
152667
153466
154265
155064
155863
156662
157461
158260
159059
159858
160657
161456
162255
163054
163853
164652
165451
166250
167049
167848
168647
169446
170245
171044
171843
172642
173441
174240
175039
125155
125954
126753
127552
128351
129150
129949
130748
131547
132346
133145
133944
134743
135542
136341
137140
137939
138738
139537
140336
141135
141934
142733
143532
144331
145130
145929
146728
147527
148326
149125
149924
150759
151558
152357
153156
153955
154754
155553
156352
157151
157950
158749
159548
160347
161146
161945
162744
163543
164342
165141
165940
166739
167538
168337
169136
169935
170734
171533
172332
173131
173930
174729
175528
269
2205
4141
6077
8013
9949
11885
13821
15757
17693
19629
21565
23501
25437
27373
29309
31245
33181
35117
37053
38989
40925
42861
44797
46733
48669
50605
52541
54477
56413
58349
60285
62521
64457
66393
68329
70265
72201
74137
76073
78009
79945
81881
83817
85753
87689
89625
91561
93497
95433
97369
99305
101241
103177
105113
107049
108985
110921
112857
114793
116729
118665
120601
122537
124597
125396
126195
126994
127793
128592
129391
130190
130989
131788
132587
133386
134185
134984
135783
136582
137381
138180
138979
139778
140577
141376
142175
142974
143773
144572
145371
146170
146969
147768
148567
149366
150201
151000
151799
152598
153397
154196
154995
155794
156593
157392
158191
158990
159789
160588
161387
162186
162985
163784
164583
165382
166181
166980
167779
168578
169377
170176
170975
171774
172573
173372
174171
174970
945
2881
4817
6753
8689
10625
12561
14497
16433
18369
20305
22241
24177
26113
28049
29985
31921
33857
35793
37729
39665
41601
43537
45473
47409
49345
51281
53217
55153
57089
59025
60961
63197
65133
67069
69005
70941
72877
74813
76749
78685
80621
82557
84493
86429
88365
90301
92237
94173
96109
98045
99981
101917
103853
105789
107725
109661
111597
113533
115469
117405
119341
121277
123213
125224
126023
126822
127621
128420
129219
130018
130817
131616
132415
133214
134013
134812
135611
136410
137209
138008
138807
139606
140405
141204
142003
142802
143601
144400
145199
145998
146797
147596
148395
149194
149993
150828
151627
152426
153225
154024
154823
155622
156421
157220
158019
158818
159617
160416
161215
162014
162813
163612
164411
165210
166009
166808
167607
168406
169205
170004
170803
171602
172401
173200
173999
174798
175597
363
387
456
480
549
573
642
666
735
759
828
852
921
2046
2299
2323
2392
2416
2485
2509
2578
2602
2671
2695
2764
2788
2857
3982
4235
4259
4328
4352
4421
4445
4514
4538
4607
4631
4700
4724
4793
5918
6171
6195
6264
6288
6357
6381
6450
6474
6543
6567
6636
6660
6729
7854
8107
8131
8200
8224
8293
8317
8386
8410
8479
8503
8572
8596
8665
9790
10043
10067
10136
10160
10229
10253
10322
10346
10415
10439
10508
10532
10601
11726
11979
12003
12072
12096
12165
12189
12258
12282
12351
12375
12444
12468
12537
13662
13915
13939
14008
14032
14101
14125
14194
14218
14287
14311
14380
14404
14473
15598
15851
15875
15944
15968
16037
16061
16130
16154
16223
16247
16316
16340
16409
17534
17787
17811
17880
17904
17973
17997
18066
18090
18159
18183
18252
18276
18345
19470
19723
19747
19816
19840
19909
19933
20002
20026
20095
20119
20188
20212
20281
21406
21659
21683
21752
21776
21845
21869
21938
21962
22031
22055
22124
22148
22217
23342
23595
23619
23688
23712
23781
23805
23874
23898
23967
23991
24060
24084
24153
25278
25531
25555
25624
25648
25717
25741
25810
25834
25903
25927
25996
26020
26089
27214
27467
27491
27560
27584
27653
27677
27746
27770
27839
27863
27932
27956
28025
29150
29403
29427
29496
29520
29589
29613
29682
29706
29775
29799
29868
29892
29961
31086
31339
31363
31432
31456
31525
31549
31618
31642
31711
31735
31804
31828
31897
33022
33275
33299
33368
33392
33461
33485
33554
33578
33647
33671
33740
33764
33833
34958
35211
35235
35304
35328
35397
35421
35490
35514
35583
35607
35676
35700
35769
36894
37147
37171
37240
37264
37333
37357
37426
37450
37519
37543
37612
37636
37705
38830
39083
39107
39176
39200
39269
39293
39362
39386
39455
39479
39548
39572
39641
40766
41019
41043
41112
41136
41205
41229
41298
41322
41391
41415
41484
41508
41577
42702
42955
42979
43048
43072
43141
43165
43234
43258
43327
43351
43420
43444
43513
44638
44891
44915
44984
45008
45077
45101
45170
45194
45263
45287
45356
45380
45449
46574
46827
46851
46920
46944
47013
47037
47106
47130
47199
47223
47292
47316
47385
48510
48763
48787
48856
48880
48949
48973
49042
49066
49135
49159
49228
49252
49321
50446
50699
50723
50792
50816
50885
50909
50978
51002
51071
51095
51164
51188
51257
52382
52635
52659
52728
52752
52821
52845
52914
52938
53007
53031
53100
53124
53193
54318
54571
54595
54664
54688
54757
54781
54850
54874
54943
54967
55036
55060
55129
56254
56507
56531
56600
56624
56693
56717
56786
56810
56879
56903
56972
56996
57065
58190
58443
58467
58536
58560
58629
58653
58722
58746
58815
58839
58908
58932
59001
60126
60379
60403
60472
60496
60565
60589
60658
60682
60751
60775
60844
60868
60937
62062
62615
62639
62708
62732
62801
62825
62894
62918
62987
63011
63080
63104
63173
64298
64551
64575
64644
64668
64737
64761
64830
64854
64923
64947
65016
65040
65109
66234
66487
66511
66580
66604
66673
66697
66766
66790
66859
66883
66952
66976
67045
68170
68423
68447
68516
68540
68609
68633
68702
68726
68795
68819
68888
68912
68981
70106
70359
70383
70452
70476
70545
70569
70638
70662
70731
70755
70824
70848
70917
72042
72295
72319
72388
72412
72481
72505
72574
72598
72667
72691
72760
72784
72853
73978
74231
74255
74324
74348
74417
74441
74510
74534
74603
74627
74696
74720
74789
75914
76167
76191
76260
76284
76353
76377
76446
76470
76539
76563
76632
76656
76725
77850
78103
78127
78196
78220
78289
78313
78382
78406
78475
78499
78568
78592
78661
79786
80039
80063
80132
80156
80225
80249
80318
80342
80411
80435
80504
80528
80597
81722
81975
81999
82068
82092
82161
82185
82254
82278
82347
82371
82440
82464
82533
83658
83911
83935
84004
84028
84097
84121
84190
84214
84283
84307
84376
84400
84469
85594
85847
85871
85940
85964
86033
86057
86126
86150
86219
86243
86312
86336
86405
87530
87783
87807
87876
87900
87969
87993
88062
88086
88155
88179
88248
88272
88341
89466
89719
89743
89812
89836
89905
89929
89998
90022
90091
90115
90184
90208
90277
91402
91655
91679
91748
91772
91841
91865
91934
91958
92027
92051
92120
92144
92213
93338
93591
93615
93684
93708
93777
93801
93870
93894
93963
93987
94056
94080
94149
95274
95527
95551
95620
95644
95713
95737
95806
95830
95899
95923
95992
96016
96085
97210
97463
97487
97556
97580
97649
97673
97742
97766
97835
97859
97928
97952
98021
99146
99399
99423
99492
99516
99585
99609
99678
99702
99771
99795
99864
99888
99957
101082
101335
101359
101428
101452
101521
101545
101614
101638
101707
101731
101800
101824
101893
103018
103271
103295
103364
103388
103457
103481
103550
103574
103643
103667
103736
103760
103829
104954
105207
105231
105300
105324
105393
105417
105486
105510
105579
105603
105672
105696
105765
106890
107143
107167
107236
107260
107329
107353
107422
107446
107515
107539
107608
107632
107701
108826
109079
109103
109172
109196
109265
109289
109358
109382
109451
109475
109544
109568
109637
110762
111015
111039
111108
111132
111201
111225
111294
111318
111387
111411
111480
111504
111573
112698
112951
112975
113044
113068
113137
113161
113230
113254
113323
113347
113416
113440
113509
114634
114887
114911
114980
115004
115073
115097
115166
115190
115259
115283
115352
115376
115445
116570
116823
116847
116916
116940
117009
117033
117102
117126
117195
117219
117288
117312
117381
118506
118759
118783
118852
118876
118945
118969
119038
119062
119131
119155
119224
119248
119317
120442
120695
120719
120788
120812
120881
120905
120974
120998
121067
121091
121160
121184
121253
122378
122631
122655
122724
122748
122817
122841
122910
122934
123003
123027
123096
123120
123189
124314
1062
2998
4934
6870
8806
10742
12678
14614
16550
18486
20422
22358
24294
26230
28166
30102
32038
33974
35910
37846
39782
41718
43654
45590
47526
49462
51398
53334
55270
57206
59142
61078
63314
65250
67186
69122
71058
72994
74930
76866
78802
80738
82674
84610
86546
88482
90418
92354
94290
96226
98162
100098
102034
103970
105906
107842
109778
111714
113650
115586
117522
119458
121394
123330
944
2880
4816
6752
8688
10624
12560
14496
16432
18368
20304
22240
24176
26112
28048
29984
31920
33856
35792
37728
39664
41600
43536
45472
47408
49344
51280
53216
55152
57088
59024
60960
63196
65132
67068
69004
70940
72876
74812
76748
78684
80620
82556
84492
86428
88364
90300
92236
94172
96108
98044
99980
101916
103852
105788
107724
109660
111596
113532
115468
117404
119340
121276
123212
1061
2997
4933
6869
8805
10741
12677
14613
16549
18485
20421
22357
24293
26229
28165
30101
32037
33973
35909
37845
39781
41717
43653
45589
47525
49461
51397
53333
55269
57205
59141
61077
63313
65249
67185
69121
71057
72993
74929
76865
78801
80737
82673
84609
86545
88481
90417
92353
94289
96225
98161
100097
102033
103969
105905
107841
109777
111713
113649
115585
117521
119457
121393
123329
294
2230
4166
6102
8038
9974
11910
13846
15782
17718
19654
21590
23526
25462
27398
29334
31270
33206
35142
37078
39014
40950
42886
44822
46758
48694
50630
52566
54502
56438
58374
60310
62546
64482
66418
68354
70290
72226
74162
76098
78034
79970
81906
83842
85778
87714
89650
91586
93522
95458
97394
99330
101266
103202
105138
107074
109010
110946
112882
114818
116754
118690
120626
122562
283
376
469
562
655
748
841
934
2219
2312
2405
2498
2591
2684
2777
2870
4155
4248
4341
4434
4527
4620
4713
4806
6091
6184
6277
6370
6463
6556
6649
6742
8027
8120
8213
8306
8399
8492
8585
8678
9963
10056
10149
10242
10335
10428
10521
10614
11899
11992
12085
12178
12271
12364
12457
12550
13835
13928
14021
14114
14207
14300
14393
14486
15771
15864
15957
16050
16143
16236
16329
16422
17707
17800
17893
17986
18079
18172
18265
18358
19643
19736
19829
19922
20015
20108
20201
20294
21579
21672
21765
21858
21951
22044
22137
22230
23515
23608
23701
23794
23887
23980
24073
24166
25451
25544
25637
25730
25823
25916
26009
26102
27387
27480
27573
27666
27759
27852
27945
28038
29323
29416
29509
29602
29695
29788
29881
29974
31259
31352
31445
31538
31631
31724
31817
31910
33195
33288
33381
33474
33567
33660
33753
33846
35131
35224
35317
35410
35503
35596
35689
35782
37067
37160
37253
37346
37439
37532
37625
37718
39003
39096
39189
39282
39375
39468
39561
39654
40939
41032
41125
41218
41311
41404
41497
41590
42875
42968
43061
43154
43247
43340
43433
43526
44811
44904
44997
45090
45183
45276
45369
45462
46747
46840
46933
47026
47119
47212
47305
47398
48683
48776
48869
48962
49055
49148
49241
49334
50619
50712
50805
50898
50991
51084
51177
51270
52555
52648
52741
52834
52927
53020
53113
53206
54491
54584
54677
54770
54863
54956
55049
55142
56427
56520
56613
56706
56799
56892
56985
57078
58363
58456
58549
58642
58735
58828
58921
59014
60299
60392
60485
60578
60671
60764
60857
60950
62535
62628
62721
62814
62907
63000
63093
63186
64471
64564
64657
64750
64843
64936
65029
65122
66407
66500
66593
66686
66779
66872
66965
67058
68343
68436
68529
68622
68715
68808
68901
68994
70279
70372
70465
70558
70651
70744
70837
70930
72215
72308
72401
72494
72587
72680
72773
72866
74151
74244
74337
74430
74523
74616
74709
74802
76087
76180
76273
76366
76459
76552
76645
76738
78023
78116
78209
78302
78395
78488
78581
78674
79959
80052
80145
80238
80331
80424
80517
80610
81895
81988
82081
82174
82267
82360
82453
82546
83831
83924
84017
84110
84203
84296
84389
84482
85767
85860
85953
86046
86139
86232
86325
86418
87703
87796
87889
87982
88075
88168
88261
88354
89639
89732
89825
89918
90011
90104
90197
90290
91575
91668
91761
91854
91947
92040
92133
92226
93511
93604
93697
93790
93883
93976
94069
94162
95447
95540
95633
95726
95819
95912
96005
96098
97383
97476
97569
97662
97755
97848
97941
98034
99319
99412
99505
99598
99691
99784
99877
99970
101255
101348
101441
101534
101627
101720
101813
101906
103191
103284
103377
103470
103563
103656
103749
103842
105127
105220
105313
105406
105499
105592
105685
105778
107063
107156
107249
107342
107435
107528
107621
107714
108999
109092
109185
109278
109371
109464
109557
109650
110935
111028
111121
111214
111307
111400
111493
111586
112871
112964
113057
113150
113243
113336
113429
113522
114807
114900
114993
115086
115179
115272
115365
115458
116743
116836
116929
117022
117115
117208
117301
117394
118679
118772
118865
118958
119051
119144
119237
119330
120615
120708
120801
120894
120987
121080
121173
121266
122551
122644
122737
122830
122923
123016
123109
123202
124573
125372
126171
126970
127769
128568
129367
130166
130965
131764
132563
133362
134161
134960
135759
136558
137357
138156
138955
139754
140553
141352
142151
142950
143749
144548
145347
146146
146945
147744
148543
149342
150177
150976
151775
152574
153373
154172
154971
155770
156569
157368
158167
158966
159765
160564
161363
162162
162961
163760
164559
165358
166157
166956
167755
168554
169353
170152
170951
171750
172549
173348
174147
174946
1166
1300
1434
1568
1702
1836
1970
2104
3102
3236
3370
3504
3638
3772
3906
4040
5038
5172
5306
5440
5574
5708
5842
5976
6974
7108
7242
7376
7510
7644
7778
7912
8910
9044
9178
9312
9446
9580
9714
9848
10846
10980
11114
11248
11382
11516
11650
11784
12782
12916
13050
13184
13318
13452
13586
13720
14718
14852
14986
15120
15254
15388
15522
15656
16654
16788
16922
17056
17190
17324
17458
17592
18590
18724
18858
18992
19126
19260
19394
19528
20526
20660
20794
20928
21062
21196
21330
21464
22462
22596
22730
22864
22998
23132
23266
23400
24398
24532
24666
24800
24934
25068
25202
25336
26334
26468
26602
26736
26870
27004
27138
27272
28270
28404
28538
28672
28806
28940
29074
29208
30206
30340
30474
30608
30742
30876
31010
31144
32142
32276
32410
32544
32678
32812
32946
33080
34078
34212
34346
34480
34614
34748
34882
35016
36014
36148
36282
36416
36550
36684
36818
36952
37950
38084
38218
38352
38486
38620
38754
38888
39886
40020
40154
40288
40422
40556
40690
40824
41822
41956
42090
42224
42358
42492
42626
42760
43758
43892
44026
44160
44294
44428
44562
44696
45694
45828
45962
46096
46230
46364
46498
46632
47630
47764
47898
48032
48166
48300
48434
48568
49566
49700
49834
49968
50102
50236
50370
50504
51502
51636
51770
51904
52038
52172
52306
52440
53438
53572
53706
53840
53974
54108
54242
54376
55374
55508
55642
55776
55910
56044
56178
56312
57310
57444
57578
57712
57846
57980
58114
58248
59246
59380
59514
59648
59782
59916
60050
60184
61182
61316
61450
61584
61718
61852
61986
62120
63418
63552
63686
63820
63954
64088
64222
64356
65354
65488
65622
65756
65890
66024
66158
66292
67290
67424
67558
67692
67826
67960
68094
68228
69226
69360
69494
69628
69762
69896
70030
70164
71162
71296
71430
71564
71698
71832
71966
72100
73098
73232
73366
73500
73634
73768
73902
74036
75034
75168
75302
75436
75570
75704
75838
75972
76970
77104
77238
77372
77506
77640
77774
77908
78906
79040
79174
79308
79442
79576
79710
79844
80842
80976
81110
81244
81378
81512
81646
81780
82778
82912
83046
83180
83314
83448
83582
83716
84714
84848
84982
85116
85250
85384
85518
85652
86650
86784
86918
87052
87186
87320
87454
87588
88586
88720
88854
88988
89122
89256
89390
89524
90522
90656
90790
90924
91058
91192
91326
91460
92458
92592
92726
92860
92994
93128
93262
93396
94394
94528
94662
94796
94930
95064
95198
95332
96330
96464
96598
96732
96866
97000
97134
97268
98266
98400
98534
98668
98802
98936
99070
99204
100202
100336
100470
100604
100738
100872
101006
101140
102138
102272
102406
102540
102674
102808
102942
103076
104074
104208
104342
104476
104610
104744
104878
105012
106010
106144
106278
106412
106546
106680
106814
106948
107946
108080
108214
108348
108482
108616
108750
108884
109882
110016
110150
110284
110418
110552
110686
110820
111818
111952
112086
112220
112354
112488
112622
112756
113754
113888
114022
114156
114290
114424
114558
114692
115690
115824
115958
116092
116226
116360
116494
116628
117626
117760
117894
118028
118162
118296
118430
118564
119562
119696
119830
119964
120098
120232
120366
120500
121498
121632
121766
121900
122034
122168
122302
122436
123434
123568
123702
123836
123970
124104
124238
124372
215
308
401
494
587
680
773
866
2151
2244
2337
2430
2523
2616
2709
2802
4087
4180
4273
4366
4459
4552
4645
4738
6023
6116
6209
6302
6395
6488
6581
6674
7959
8052
8145
8238
8331
8424
8517
8610
9895
9988
10081
10174
10267
10360
10453
10546
11831
11924
12017
12110
12203
12296
12389
12482
13767
13860
13953
14046
14139
14232
14325
14418
15703
15796
15889
15982
16075
16168
16261
16354
17639
17732
17825
17918
18011
18104
18197
18290
19575
19668
19761
19854
19947
20040
20133
20226
21511
21604
21697
21790
21883
21976
22069
22162
23447
23540
23633
23726
23819
23912
24005
24098
25383
25476
25569
25662
25755
25848
25941
26034
27319
27412
27505
27598
27691
27784
27877
27970
29255
29348
29441
29534
29627
29720
29813
29906
31191
31284
31377
31470
31563
31656
31749
31842
33127
33220
33313
33406
33499
33592
33685
33778
35063
35156
35249
35342
35435
35528
35621
35714
36999
37092
37185
37278
37371
37464
37557
37650
38935
39028
39121
39214
39307
39400
39493
39586
40871
40964
41057
41150
41243
41336
41429
41522
42807
42900
42993
43086
43179
43272
43365
43458
44743
44836
44929
45022
45115
45208
45301
45394
46679
46772
46865
46958
47051
47144
47237
47330
48615
48708
48801
48894
48987
49080
49173
49266
50551
50644
50737
50830
50923
51016
51109
51202
52487
52580
52673
52766
52859
52952
53045
53138
54423
54516
54609
54702
54795
54888
54981
55074
56359
56452
56545
56638
56731
56824
56917
57010
58295
58388
58481
58574
58667
58760
58853
58946
60231
60324
60417
60510
60603
60696
60789
60882
62467
62560
62653
62746
62839
62932
63025
63118
64403
64496
64589
64682
64775
64868
64961
65054
66339
66432
66525
66618
66711
66804
66897
66990
68275
68368
68461
68554
68647
68740
68833
68926
70211
70304
70397
70490
70583
70676
70769
70862
72147
72240
72333
72426
72519
72612
72705
72798
74083
74176
74269
74362
74455
74548
74641
74734
76019
76112
76205
76298
76391
76484
76577
76670
77955
78048
78141
78234
78327
78420
78513
78606
79891
79984
80077
80170
80263
80356
80449
80542
81827
81920
82013
82106
82199
82292
82385
82478
83763
83856
83949
84042
84135
84228
84321
84414
85699
85792
85885
85978
86071
86164
86257
86350
87635
87728
87821
87914
88007
88100
88193
88286
89571
89664
89757
89850
89943
90036
90129
90222
91507
91600
91693
91786
91879
91972
92065
92158
93443
93536
93629
93722
93815
93908
94001
94094
95379
95472
95565
95658
95751
95844
95937
96030
97315
97408
97501
97594
97687
97780
97873
97966
99251
99344
99437
99530
99623
99716
99809
99902
101187
101280
101373
101466
101559
101652
101745
101838
103123
103216
103309
103402
103495
103588
103681
103774
105059
105152
105245
105338
105431
105524
105617
105710
106995
107088
107181
107274
107367
107460
107553
107646
108931
109024
109117
109210
109303
109396
109489
109582
110867
110960
111053
111146
111239
111332
111425
111518
112803
112896
112989
113082
113175
113268
113361
113454
114739
114832
114925
115018
115111
115204
115297
115390
116675
116768
116861
116954
117047
117140
117233
117326
118611
118704
118797
118890
118983
119076
119169
119262
120547
120640
120733
120826
120919
121012
121105
121198
122483
122576
122669
122762
122855
122948
123041
123134
124519
124612
124705
124798
124891
124984
125077
125170
125318
125411
125504
125597
125690
125783
125876
125969
126117
126210
126303
126396
126489
126582
126675
126768
126916
127009
127102
127195
127288
127381
127474
127567
127715
127808
127901
127994
128087
128180
128273
128366
128514
128607
128700
128793
128886
128979
129072
129165
129313
129406
129499
129592
129685
129778
129871
129964
130112
130205
130298
130391
130484
130577
130670
130763
130911
131004
131097
131190
131283
131376
131469
131562
131710
131803
131896
131989
132082
132175
132268
132361
132509
132602
132695
132788
132881
132974
133067
133160
133308
133401
133494
133587
133680
133773
133866
133959
134107
134200
134293
134386
134479
134572
134665
134758
134906
134999
135092
135185
135278
135371
135464
135557
135705
135798
135891
135984
136077
136170
136263
136356
136504
136597
136690
136783
136876
136969
137062
137155
137303
137396
137489
137582
137675
137768
137861
137954
138102
138195
138288
138381
138474
138567
138660
138753
138901
138994
139087
139180
139273
139366
139459
139552
139700
139793
139886
139979
140072
140165
140258
140351
140499
140592
140685
140778
140871
140964
141057
141150
141298
141391
141484
141577
141670
141763
141856
141949
142097
142190
142283
142376
142469
142562
142655
142748
142896
142989
143082
143175
143268
143361
143454
143547
143695
143788
143881
143974
144067
144160
144253
144346
144494
144587
144680
144773
144866
144959
145052
145145
145293
145386
145479
145572
145665
145758
145851
145944
146092
146185
146278
146371
146464
146557
146650
146743
146891
146984
147077
147170
147263
147356
147449
147542
147690
147783
147876
147969
148062
148155
148248
148341
148489
148582
148675
148768
148861
148954
149047
149140
149288
149381
149474
149567
149660
149753
149846
149939
150123
150216
150309
150402
150495
150588
150681
150774
150922
151015
151108
151201
151294
151387
151480
151573
151721
151814
151907
152000
152093
152186
152279
152372
152520
152613
152706
152799
152892
152985
153078
153171
153319
153412
153505
153598
153691
153784
153877
153970
154118
154211
154304
154397
154490
154583
154676
154769
154917
155010
155103
155196
155289
155382
155475
155568
155716
155809
155902
155995
156088
156181
156274
156367
156515
156608
156701
156794
156887
156980
157073
157166
157314
157407
157500
157593
157686
157779
157872
157965
158113
158206
158299
158392
158485
158578
158671
158764
158912
159005
159098
159191
159284
159377
159470
159563
159711
159804
159897
159990
160083
160176
160269
160362
160510
160603
160696
160789
160882
160975
161068
161161
161309
161402
161495
161588
161681
161774
161867
161960
162108
162201
162294
162387
162480
162573
162666
162759
162907
163000
163093
163186
163279
163372
163465
163558
163706
163799
163892
163985
164078
164171
164264
164357
164505
164598
164691
164784
164877
164970
165063
165156
165304
165397
165490
165583
165676
165769
165862
165955
166103
166196
166289
166382
166475
166568
166661
166754
166902
166995
167088
167181
167274
167367
167460
167553
167701
167794
167887
167980
168073
168166
168259
168352
168500
168593
168686
168779
168872
168965
169058
169151
169299
169392
169485
169578
169671
169764
169857
169950
170098
170191
170284
170377
170470
170563
170656
170749
170897
170990
171083
171176
171269
171362
171455
171548
171696
171789
171882
171975
172068
172161
172254
172347
172495
172588
172681
172774
172867
172960
173053
173146
173294
173387
173480
173573
173666
173759
173852
173945
174093
174186
174279
174372
174465
174558
174651
174744
174892
174985
175078
175171
175264
175357
175450
175543
270
282
375
468
561
654
747
840
933
2206
2218
2311
2404
2497
2590
2683
2776
2869
4142
4154
4247
4340
4433
4526
4619
4712
4805
6078
6090
6183
6276
6369
6462
6555
6648
6741
8014
8026
8119
8212
8305
8398
8491
8584
8677
9950
9962
10055
10148
10241
10334
10427
10520
10613
11886
11898
11991
12084
12177
12270
12363
12456
12549
13822
13834
13927
14020
14113
14206
14299
14392
14485
15758
15770
15863
15956
16049
16142
16235
16328
16421
17694
17706
17799
17892
17985
18078
18171
18264
18357
19630
19642
19735
19828
19921
20014
20107
20200
20293
21566
21578
21671
21764
21857
21950
22043
22136
22229
23502
23514
23607
23700
23793
23886
23979
24072
24165
25438
25450
25543
25636
25729
25822
25915
26008
26101
27374
27386
27479
27572
27665
27758
27851
27944
28037
29310
29322
29415
29508
29601
29694
29787
29880
29973
31246
31258
31351
31444
31537
31630
31723
31816
31909
33182
33194
33287
33380
33473
33566
33659
33752
33845
35118
35130
35223
35316
35409
35502
35595
35688
35781
37054
37066
37159
37252
37345
37438
37531
37624
37717
38990
39002
39095
39188
39281
39374
39467
39560
39653
40926
40938
41031
41124
41217
41310
41403
41496
41589
42862
42874
42967
43060
43153
43246
43339
43432
43525
44798
44810
44903
44996
45089
45182
45275
45368
45461
46734
46746
46839
46932
47025
47118
47211
47304
47397
48670
48682
48775
48868
48961
49054
49147
49240
49333
50606
50618
50711
50804
50897
50990
51083
51176
51269
52542
52554
52647
52740
52833
52926
53019
53112
53205
54478
54490
54583
54676
54769
54862
54955
55048
55141
56414
56426
56519
56612
56705
56798
56891
56984
57077
58350
58362
58455
58548
58641
58734
58827
58920
59013
60286
60298
60391
60484
60577
60670
60763
60856
60949
62522
62534
62627
62720
62813
62906
62999
63092
63185
64458
64470
64563
64656
64749
64842
64935
65028
65121
66394
66406
66499
66592
66685
66778
66871
66964
67057
68330
68342
68435
68528
68621
68714
68807
68900
68993
70266
70278
70371
70464
70557
70650
70743
70836
70929
72202
72214
72307
72400
72493
72586
72679
72772
72865
74138
74150
74243
74336
74429
74522
74615
74708
74801
76074
76086
76179
76272
76365
76458
76551
76644
76737
78010
78022
78115
78208
78301
78394
78487
78580
78673
79946
79958
80051
80144
80237
80330
80423
80516
80609
81882
81894
81987
82080
82173
82266
82359
82452
82545
83818
83830
83923
84016
84109
84202
84295
84388
84481
85754
85766
85859
85952
86045
86138
86231
86324
86417
87690
87702
87795
87888
87981
88074
88167
88260
88353
89626
89638
89731
89824
89917
90010
90103
90196
90289
91562
91574
91667
91760
91853
91946
92039
92132
92225
93498
93510
93603
93696
93789
93882
93975
94068
94161
95434
95446
95539
95632
95725
95818
95911
96004
96097
97370
97382
97475
97568
97661
97754
97847
97940
98033
99306
99318
99411
99504
99597
99690
99783
99876
99969
101242
101254
101347
101440
101533
101626
101719
101812
101905
103178
103190
103283
103376
103469
103562
103655
103748
103841
105114
105126
105219
105312
105405
105498
105591
105684
105777
107050
107062
107155
107248
107341
107434
107527
107620
107713
108986
108998
109091
109184
109277
109370
109463
109556
109649
110922
110934
111027
111120
111213
111306
111399
111492
111585
112858
112870
112963
113056
113149
113242
113335
113428
113521
114794
114806
114899
114992
115085
115178
115271
115364
115457
116730
116742
116835
116928
117021
117114
117207
117300
117393
118666
118678
118771
118864
118957
119050
119143
119236
119329
120602
120614
120707
120800
120893
120986
121079
121172
121265
122538
122550
122643
122736
122829
122922
123015
123108
123201
962
2898
4834
6770
8706
10642
12578
14514
16450
18386
20322
22258
24194
26130
28066
30002
31938
33874
35810
37746
39682
41618
43554
45490
47426
49362
51298
53234
55170
57106
59042
60978
63214
65150
67086
69022
70958
72894
74830
76766
78702
80638
82574
84510
86446
88382
90318
92254
94190
96126
98062
99998
101934
103870
105806
107742
109678
111614
113550
115486
117422
119358
121294
123230
1106
1194
1240
1328
1374
1462
1508
1596
1642
1730
1776
1864
1910
1998
3042
3130
3176
3264
3310
3398
3444
3532
3578
3666
3712
3800
3846
3934
4978
5066
5112
5200
5246
5334
5380
5468
5514
5602
5648
5736
5782
5870
6914
7002
7048
7136
7182
7270
7316
7404
7450
7538
7584
7672
7718
7806
8850
8938
8984
9072
9118
9206
9252
9340
9386
9474
9520
9608
9654
9742
10786
10874
10920
11008
11054
11142
11188
11276
11322
11410
11456
11544
11590
11678
12722
12810
12856
12944
12990
13078
13124
13212
13258
13346
13392
13480
13526
13614
14658
14746
14792
14880
14926
15014
15060
15148
15194
15282
15328
15416
15462
15550
16594
16682
16728
16816
16862
16950
16996
17084
17130
17218
17264
17352
17398
17486
18530
18618
18664
18752
18798
18886
18932
19020
19066
19154
19200
19288
19334
19422
20466
20554
20600
20688
20734
20822
20868
20956
21002
21090
21136
21224
21270
21358
22402
22490
22536
22624
22670
22758
22804
22892
22938
23026
23072
23160
23206
23294
24338
24426
24472
24560
24606
24694
24740
24828
24874
24962
25008
25096
25142
25230
26274
26362
26408
26496
26542
26630
26676
26764
26810
26898
26944
27032
27078
27166
28210
28298
28344
28432
28478
28566
28612
28700
28746
28834
28880
28968
29014
29102
30146
30234
30280
30368
30414
30502
30548
30636
30682
30770
30816
30904
30950
31038
32082
32170
32216
32304
32350
32438
32484
32572
32618
32706
32752
32840
32886
32974
34018
34106
34152
34240
34286
34374
34420
34508
34554
34642
34688
34776
34822
34910
35954
36042
36088
36176
36222
36310
36356
36444
36490
36578
36624
36712
36758
36846
37890
37978
38024
38112
38158
38246
38292
38380
38426
38514
38560
38648
38694
38782
39826
39914
39960
40048
40094
40182
40228
40316
40362
40450
40496
40584
40630
40718
41762
41850
41896
41984
42030
42118
42164
42252
42298
42386
42432
42520
42566
42654
43698
43786
43832
43920
43966
44054
44100
44188
44234
44322
44368
44456
44502
44590
45634
45722
45768
45856
45902
45990
46036
46124
46170
46258
46304
46392
46438
46526
47570
47658
47704
47792
47838
47926
47972
48060
48106
48194
48240
48328
48374
48462
49506
49594
49640
49728
49774
49862
49908
49996
50042
50130
50176
50264
50310
50398
51442
51530
51576
51664
51710
51798
51844
51932
51978
52066
52112
52200
52246
52334
53378
53466
53512
53600
53646
53734
53780
53868
53914
54002
54048
54136
54182
54270
55314
55402
55448
55536
55582
55670
55716
55804
55850
55938
55984
56072
56118
56206
57250
57338
57384
57472
57518
57606
57652
57740
57786
57874
57920
58008
58054
58142
59186
59274
59320
59408
59454
59542
59588
59676
59722
59810
59856
59944
59990
60078
61122
61210
61256
61344
61390
61478
61524
61612
61658
61746
61792
61880
61926
62014
63358
63446
63492
63580
63626
63714
63760
63848
63894
63982
64028
64116
64162
64250
65294
65382
65428
65516
65562
65650
65696
65784
65830
65918
65964
66052
66098
66186
67230
67318
67364
67452
67498
67586
67632
67720
67766
67854
67900
67988
68034
68122
69166
69254
69300
69388
69434
69522
69568
69656
69702
69790
69836
69924
69970
70058
71102
71190
71236
71324
71370
71458
71504
71592
71638
71726
71772
71860
71906
71994
73038
73126
73172
73260
73306
73394
73440
73528
73574
73662
73708
73796
73842
73930
74974
75062
75108
75196
75242
75330
75376
75464
75510
75598
75644
75732
75778
75866
76910
76998
77044
77132
77178
77266
77312
77400
77446
77534
77580
77668
77714
77802
78846
78934
78980
79068
79114
79202
79248
79336
79382
79470
79516
79604
79650
79738
80782
80870
80916
81004
81050
81138
81184
81272
81318
81406
81452
81540
81586
81674
82718
82806
82852
82940
82986
83074
83120
83208
83254
83342
83388
83476
83522
83610
84654
84742
84788
84876
84922
85010
85056
85144
85190
85278
85324
85412
85458
85546
86590
86678
86724
86812
86858
86946
86992
87080
87126
87214
87260
87348
87394
87482
88526
88614
88660
88748
88794
88882
88928
89016
89062
89150
89196
89284
89330
89418
90462
90550
90596
90684
90730
90818
90864
90952
90998
91086
91132
91220
91266
91354
92398
92486
92532
92620
92666
92754
92800
92888
92934
93022
93068
93156
93202
93290
94334
94422
94468
94556
94602
94690
94736
94824
94870
94958
95004
95092
95138
95226
96270
96358
96404
96492
96538
96626
96672
96760
96806
96894
96940
97028
97074
97162
98206
98294
98340
98428
98474
98562
98608
98696
98742
98830
98876
98964
99010
99098
100142
100230
100276
100364
100410
100498
100544
100632
100678
100766
100812
100900
100946
101034
102078
102166
102212
102300
102346
102434
102480
102568
102614
102702
102748
102836
102882
102970
104014
104102
104148
104236
104282
104370
104416
104504
104550
104638
104684
104772
104818
104906
105950
106038
106084
106172
106218
106306
106352
106440
106486
106574
106620
106708
106754
106842
107886
107974
108020
108108
108154
108242
108288
108376
108422
108510
108556
108644
108690
108778
109822
109910
109956
110044
110090
110178
110224
110312
110358
110446
110492
110580
110626
110714
111758
111846
111892
111980
112026
112114
112160
112248
112294
112382
112428
112516
112562
112650
113694
113782
113828
113916
113962
114050
114096
114184
114230
114318
114364
114452
114498
114586
115630
115718
115764
115852
115898
115986
116032
116120
116166
116254
116300
116388
116434
116522
117566
117654
117700
117788
117834
117922
117968
118056
118102
118190
118236
118324
118370
118458
119502
119590
119636
119724
119770
119858
119904
119992
120038
120126
120172
120260
120306
120394
121438
121526
121572
121660
121706
121794
121840
121928
121974
122062
122108
122196
122242
122330
123374
123462
123508
123596
123642
123730
123776
123864
123910
123998
124044
124132
124178
124266
125266
126065
126864
127663
128462
129261
130060
130859
131658
132457
133256
134055
134854
135653
136452
137251
138050
138849
139648
140447
141246
142045
142844
143643
144442
145241
146040
146839
147638
148437
149236
150035
150870
151669
152468
153267
154066
154865
155664
156463
157262
158061
158860
159659
160458
161257
162056
162855
163654
164453
165252
166051
166850
167649
168448
169247
170046
170845
171644
172443
173242
174041
174840
175639
1079
1213
1347
1481
1615
1749
1883
2017
3015
3149
3283
3417
3551
3685
3819
3953
4951
5085
5219
5353
5487
5621
5755
5889
6887
7021
7155
7289
7423
7557
7691
7825
8823
8957
9091
9225
9359
9493
9627
9761
10759
10893
11027
11161
11295
11429
11563
11697
12695
12829
12963
13097
13231
13365
13499
13633
14631
14765
14899
15033
15167
15301
15435
15569
16567
16701
16835
16969
17103
17237
17371
17505
18503
18637
18771
18905
19039
19173
19307
19441
20439
20573
20707
20841
20975
21109
21243
21377
22375
22509
22643
22777
22911
23045
23179
23313
24311
24445
24579
24713
24847
24981
25115
25249
26247
26381
26515
26649
26783
26917
27051
27185
28183
28317
28451
28585
28719
28853
28987
29121
30119
30253
30387
30521
30655
30789
30923
31057
32055
32189
32323
32457
32591
32725
32859
32993
33991
34125
34259
34393
34527
34661
34795
34929
35927
36061
36195
36329
36463
36597
36731
36865
37863
37997
38131
38265
38399
38533
38667
38801
39799
39933
40067
40201
40335
40469
40603
40737
41735
41869
42003
42137
42271
42405
42539
42673
43671
43805
43939
44073
44207
44341
44475
44609
45607
45741
45875
46009
46143
46277
46411
46545
47543
47677
47811
47945
48079
48213
48347
48481
49479
49613
49747
49881
50015
50149
50283
50417
51415
51549
51683
51817
51951
52085
52219
52353
53351
53485
53619
53753
53887
54021
54155
54289
55287
55421
55555
55689
55823
55957
56091
56225
57223
57357
57491
57625
57759
57893
58027
58161
59159
59293
59427
59561
59695
59829
59963
60097
61095
61229
61363
61497
61631
61765
61899
62033
63331
63465
63599
63733
63867
64001
64135
64269
65267
65401
65535
65669
65803
65937
66071
66205
67203
67337
67471
67605
67739
67873
68007
68141
69139
69273
69407
69541
69675
69809
69943
70077
71075
71209
71343
71477
71611
71745
71879
72013
73011
73145
73279
73413
73547
73681
73815
73949
74947
75081
75215
75349
75483
75617
75751
75885
76883
77017
77151
77285
77419
77553
77687
77821
78819
78953
79087
79221
79355
79489
79623
79757
80755
80889
81023
81157
81291
81425
81559
81693
82691
82825
82959
83093
83227
83361
83495
83629
84627
84761
84895
85029
85163
85297
85431
85565
86563
86697
86831
86965
87099
87233
87367
87501
88499
88633
88767
88901
89035
89169
89303
89437
90435
90569
90703
90837
90971
91105
91239
91373
92371
92505
92639
92773
92907
93041
93175
93309
94307
94441
94575
94709
94843
94977
95111
95245
96243
96377
96511
96645
96779
96913
97047
97181
98179
98313
98447
98581
98715
98849
98983
99117
100115
100249
100383
100517
100651
100785
100919
101053
102051
102185
102319
102453
102587
102721
102855
102989
103987
104121
104255
104389
104523
104657
104791
104925
105923
106057
106191
106325
106459
106593
106727
106861
107859
107993
108127
108261
108395
108529
108663
108797
109795
109929
110063
110197
110331
110465
110599
110733
111731
111865
111999
112133
112267
112401
112535
112669
113667
113801
113935
114069
114203
114337
114471
114605
115603
115737
115871
116005
116139
116273
116407
116541
117539
117673
117807
117941
118075
118209
118343
118477
119475
119609
119743
119877
120011
120145
120279
120413
121411
121545
121679
121813
121947
122081
122215
122349
123347
123481
123615
123749
123883
124017
124151
124285
1107
1195
1241
1329
1375
1463
1509
1597
1643
1731
1777
1865
1911
3043
3131
3177
3265
3311
3399
3445
3533
3579
3667
3713
3801
3847
4979
5067
5113
5201
5247
5335
5381
5469
5515
5603
5649
5737
5783
6915
7003
7049
7137
7183
7271
7317
7405
7451
7539
7585
7673
7719
8851
8939
8985
9073
9119
9207
9253
9341
9387
9475
9521
9609
9655
10787
10875
10921
11009
11055
11143
11189
11277
11323
11411
11457
11545
11591
12723
12811
12857
12945
12991
13079
13125
13213
13259
13347
13393
13481
13527
14659
14747
14793
14881
14927
15015
15061
15149
15195
15283
15329
15417
15463
16595
16683
16729
16817
16863
16951
16997
17085
17131
17219
17265
17353
17399
18531
18619
18665
18753
18799
18887
18933
19021
19067
19155
19201
19289
19335
20467
20555
20601
20689
20735
20823
20869
20957
21003
21091
21137
21225
21271
22403
22491
22537
22625
22671
22759
22805
22893
22939
23027
23073
23161
23207
24339
24427
24473
24561
24607
24695
24741
24829
24875
24963
25009
25097
25143
26275
26363
26409
26497
26543
26631
26677
26765
26811
26899
26945
27033
27079
28211
28299
28345
28433
28479
28567
28613
28701
28747
28835
28881
28969
29015
30147
30235
30281
30369
30415
30503
30549
30637
30683
30771
30817
30905
30951
32083
32171
32217
32305
32351
32439
32485
32573
32619
32707
32753
32841
32887
34019
34107
34153
34241
34287
34375
34421
34509
34555
34643
34689
34777
34823
35955
36043
36089
36177
36223
36311
36357
36445
36491
36579
36625
36713
36759
37891
37979
38025
38113
38159
38247
38293
38381
38427
38515
38561
38649
38695
39827
39915
39961
40049
40095
40183
40229
40317
40363
40451
40497
40585
40631
41763
41851
41897
41985
42031
42119
42165
42253
42299
42387
42433
42521
42567
43699
43787
43833
43921
43967
44055
44101
44189
44235
44323
44369
44457
44503
45635
45723
45769
45857
45903
45991
46037
46125
46171
46259
46305
46393
46439
47571
47659
47705
47793
47839
47927
47973
48061
48107
48195
48241
48329
48375
49507
49595
49641
49729
49775
49863
49909
49997
50043
50131
50177
50265
50311
51443
51531
51577
51665
51711
51799
51845
51933
51979
52067
52113
52201
52247
53379
53467
53513
53601
53647
53735
53781
53869
53915
54003
54049
54137
54183
55315
55403
55449
55537
55583
55671
55717
55805
55851
55939
55985
56073
56119
57251
57339
57385
57473
57519
57607
57653
57741
57787
57875
57921
58009
58055
59187
59275
59321
59409
59455
59543
59589
59677
59723
59811
59857
59945
59991
61123
61211
61257
61345
61391
61479
61525
61613
61659
61747
61793
61881
61927
63359
63447
63493
63581
63627
63715
63761
63849
63895
63983
64029
64117
64163
65295
65383
65429
65517
65563
65651
65697
65785
65831
65919
65965
66053
66099
67231
67319
