3
9
11
15
21
23
27
33
35
39
45
47
51
57
59
63
69
71
75
81
83
87
93
95
59086
59094
59102
59110
59118
59126
59134
59142
59146
59148
59150
59152
59154
59156
59158
59160
59162
59164
59166
59168
59170
59172
59174
59176
5
13
17
25
29
37
41
49
53
61
65
73
77
85
89
97
59082
59088
59090
59096
59098
59104
59106
59112
59114
59120
59122
59128
59130
59136
59138
59144
117866
117872
117880
117888
117896
117904
117912
117920
117928
7
19
31
43
55
67
79
91
59084
59092
59100
59108
59116
59124
59132
59140
117868
117870
117874
117876
117878
117882
117884
117886
117890
117892
117894
117898
117900
117902
117906
117908
117910
117914
117916
117918
117922
117924
117926
117930
117932
117934
117936
117938
117940
117942
117944
117946
117948
117950
117952
117954
117956
117958
117960
117962
386
455
479
548
572
641
665
734
758
1136
1205
1229
1298
1322
1391
1415
1484
1508
1886
1955
1979
2048
2072
2141
2165
2234
2258
2636
2705
2729
2798
2822
2891
2915
2984
3008
4470
4539
4563
4632
4656
4725
4749
4818
4842
6304
6373
6397
6466
6490
6559
6583
6652
6676
8138
8207
8231
8300
8324
8393
8417
8486
8510
9972
10041
10065
10134
10158
10227
10251
10320
10344
11806
11875
11899
11968
11992
12061
12085
12154
12178
13640
13709
13733
13802
13826
13895
13919
13988
14012
15474
15543
15567
15636
15660
15729
15753
15822
15846
17308
17377
17401
17470
17494
17563
17587
17656
17680
19142
19211
19235
19304
19328
19397
19421
19490
19514
20976
21045
21069
21138
21162
21231
21255
21324
21348
22810
22879
22903
22972
22996
23065
23089
23158
23182
24644
24713
24737
24806
24830
24899
24923
24992
25016
26478
26547
26571
26640
26664
26733
26757
26826
26850
28312
28381
28405
28474
28498
28567
28591
28660
28684
30146
30215
30239
30308
30332
30401
30425
30494
30518
31980
32049
32073
32142
32166
32235
32259
32328
32352
33814
33883
33907
33976
34000
34069
34093
34162
34186
35648
35717
35741
35810
35834
35903
35927
35996
36020
37482
37551
37575
37644
37668
37737
37761
37830
37854
39316
39385
39409
39478
39502
39571
39595
39664
39688
41150
41219
41243
41312
41336
41405
41429
41498
41522
42984
43053
43077
43146
43170
43239
43263
43332
43356
44818
44887
44911
44980
45004
45073
45097
45166
45190
46652
46721
46745
46814
46838
46907
46931
47000
47024
48486
48555
48579
48648
48672
48741
48765
48834
48858
50320
50389
50413
50482
50506
50575
50599
50668
50692
52154
52223
52247
52316
52340
52409
52433
52502
52526
53988
54057
54081
54150
54174
54243
54267
54336
54360
59368
59437
59461
59530
59554
59623
59647
59716
59740
60118
60187
60211
60280
60304
60373
60397
60466
60490
60868
60937
60961
61030
61054
61123
61147
61216
61240
61618
61687
61711
61780
61804
61873
61897
61966
61990
63452
63521
63545
63614
63638
63707
63731
63800
63824
65286
65355
65379
65448
65472
65541
65565
65634
65658
67120
67189
67213
67282
67306
67375
67399
67468
67492
68954
69023
69047
69116
69140
69209
69233
69302
69326
70788
70857
70881
70950
70974
71043
71067
71136
71160
72622
72691
72715
72784
72808
72877
72901
72970
72994
74456
74525
74549
74618
74642
74711
74735
74804
74828
76290
76359
76383
76452
76476
76545
76569
76638
76662
78124
78193
78217
78286
78310
78379
78403
78472
78496
79958
80027
80051
80120
80144
80213
80237
80306
80330
81792
81861
81885
81954
81978
82047
82071
82140
82164
83626
83695
83719
83788
83812
83881
83905
83974
83998
85460
85529
85553
85622
85646
85715
85739
85808
85832
87294
87363
87387
87456
87480
87549
87573
87642
87666
89128
89197
89221
89290
89314
89383
89407
89476
89500
90962
91031
91055
91124
91148
91217
91241
91310
91334
92796
92865
92889
92958
92982
93051
93075
93144
93168
94630
94699
94723
94792
94816
94885
94909
94978
95002
96464
96533
96557
96626
96650
96719
96743
96812
96836
98298
98367
98391
98460
98484
98553
98577
98646
98670
100132
100201
100225
100294
100318
100387
100411
100480
100504
101966
102035
102059
102128
102152
102221
102245
102314
102338
103800
103869
103893
103962
103986
104055
104079
104148
104172
105634
105703
105727
105796
105820
105889
105913
105982
106006
107468
107537
107561
107630
107654
107723
107747
107816
107840
109302
109371
109395
109464
109488
109557
109581
109650
109674
111136
111205
111229
111298
111322
111391
111415
111484
111508
112970
113039
113063
113132
113156
113225
113249
113318
113342
362
1112
1862
2612
4446
6280
8114
9948
11782
13616
15450
17284
19118
20952
22786
24620
26454
28288
30122
31956
33790
35624
37458
39292
41126
42960
44794
46628
48462
50296
52130
53964
59344
60094
60844
61594
63428
65262
67096
68930
70764
72598
74432
76266
78100
79934
81768
83602
85436
87270
89104
90938
92772
94606
96440
98274
100108
101942
103776
105610
107444
109278
111112
112946
1
827
1577
2327
3077
4911
6745
8579
10413
12247
14081
15915
17749
19583
21417
23251
25085
26919
28753
30587
32421
34255
36089
37923
39757
41591
43425
45259
47093
48927
50761
52595
54429
59080
59809
60559
61309
62059
63893
65727
67561
69395
71229
73063
74897
76731
78565
80399
82233
84067
85901
87735
89569
91403
93237
95071
96905
98739
100573
102407
104241
106075
107909
109743
111577
113411
293
1043
1793
2543
4377
6211
8045
9879
11713
13547
15381
17215
19049
20883
22717
24551
26385
28219
30053
31887
33721
35555
37389
39223
41057
42891
44725
46559
48393
50227
52061
53895
59275
60025
60775
61525
63359
65193
67027
68861
70695
72529
74363
76197
78031
79865
81699
83533
85367
87201
89035
90869
92703
94537
96371
98205
100039
101873
103707
105541
107375
109209
111043
112877
851
1601
2351
3101
4935
6769
8603
10437
12271
14105
15939
17773
19607
21441
23275
25109
26943
28777
30611
32445
34279
36113
37947
39781
41615
43449
45283
47117
48951
50785
52619
54453
59833
60583
61333
62083
63917
65751
67585
69419
71253
73087
74921
76755
78589
80423
82257
84091
85925
87759
89593
91427
93261
95095
96929
98763
100597
102431
104265
106099
107933
109767
111601
113435
3464
3598
3732
3866
4000
5298
5432
5566
5700
5834
7132
7266
7400
7534
7668
8966
9100
9234
9368
9502
10800
10934
11068
11202
11336
12634
12768
12902
13036
13170
14468
14602
14736
14870
15004
16302
16436
16570
16704
16838
18136
18270
18404
18538
18672
19970
20104
20238
20372
20506
21804
21938
22072
22206
22340
23638
23772
23906
24040
24174
25472
25606
25740
25874
26008
27306
27440
27574
27708
27842
29140
29274
29408
29542
29676
30974
31108
31242
31376
31510
32808
32942
33076
33210
33344
34642
34776
34910
35044
35178
36476
36610
36744
36878
37012
38310
38444
38578
38712
38846
40144
40278
40412
40546
40680
41978
42112
42246
42380
42514
43812
43946
44080
44214
44348
45646
45780
45914
46048
46182
47480
47614
47748
47882
48016
49314
49448
49582
49716
49850
51148
51282
51416
51550
51684
52982
53116
53250
53384
53518
54816
54950
55084
55218
55352
55900
56034
56168
56302
56436
56984
57118
57252
57386
57520
58068
58202
58336
58470
58604
62446
62580
62714
62848
62982
64280
64414
64548
64682
64816
66114
66248
66382
66516
66650
67948
68082
68216
68350
68484
69782
69916
70050
70184
70318
71616
71750
71884
72018
72152
73450
73584
73718
73852
73986
75284
75418
75552
75686
75820
77118
77252
77386
77520
77654
78952
79086
79220
79354
79488
80786
80920
81054
81188
81322
82620
82754
82888
83022
83156
84454
84588
84722
84856
84990
86288
86422
86556
86690
86824
88122
88256
88390
88524
88658
89956
90090
90224
90358
90492
91790
91924
92058
92192
92326
93624
93758
93892
94026
94160
95458
95592
95726
95860
95994
97292
97426
97560
97694
97828
99126
99260
99394
99528
99662
100960
101094
101228
101362
101496
102794
102928
103062
103196
103330
104628
104762
104896
105030
105164
106462
106596
106730
106864
106998
108296
108430
108564
108698
108832
110130
110264
110398
110532
110666
111964
112098
112232
112366
112500
113798
113932
114066
114200
114334
114882
115016
115150
115284
115418
115966
116100
116234
116368
116502
117050
117184
117318
117452
117586
3510
3644
3778
3912
5344
5478
5612
5746
7178
7312
7446
7580
9012
9146
9280
9414
10846
10980
11114
11248
12680
12814
12948
13082
14514
14648
14782
14916
16348
16482
16616
16750
18182
18316
18450
18584
20016
20150
20284
20418
21850
21984
22118
22252
23684
23818
23952
24086
25518
25652
25786
25920
27352
27486
27620
27754
29186
29320
29454
29588
31020
31154
31288
31422
32854
32988
33122
33256
34688
34822
34956
35090
36522
36656
36790
36924
38356
38490
38624
38758
40190
40324
40458
40592
42024
42158
42292
42426
43858
43992
44126
44260
45692
45826
45960
46094
47526
47660
47794
47928
49360
49494
49628
49762
51194
51328
51462
51596
53028
53162
53296
53430
54862
54996
55130
55264
55946
56080
56214
56348
57030
57164
57298
57432
58114
58248
58382
58516
62492
62626
62760
62894
64326
64460
64594
64728
66160
66294
66428
66562
67994
68128
68262
68396
69828
69962
70096
70230
71662
71796
71930
72064
73496
73630
73764
73898
75330
75464
75598
75732
77164
77298
77432
77566
78998
79132
79266
79400
80832
80966
81100
81234
82666
82800
82934
83068
84500
84634
84768
84902
86334
86468
86602
86736
88168
88302
88436
88570
90002
90136
90270
90404
91836
91970
92104
92238
93670
93804
93938
94072
95504
95638
95772
95906
97338
97472
97606
97740
99172
99306
99440
99574
101006
101140
101274
101408
102840
102974
103108
103242
104674
104808
104942
105076
106508
106642
106776
106910
108342
108476
108610
108744
110176
110310
110444
110578
112010
112144
112278
112412
113844
113978
114112
114246
114928
115062
115196
115330
116012
116146
116280
116414
117096
117230
117364
117498
4046
5880
7714
9548
11382
13216
15050
16884
18718
20552
22386
24220
26054
27888
29722
31556
33390
35224
37058
38892
40726
42560
44394
46228
48062
49896
51730
53564
55398
56482
57566
58650
63028
64862
66696
68530
70364
72198
74032
75866
77700
79534
81368
83202
85036
86870
88704
90538
92372
94206
96040
97874
99708
101542
103376
105210
107044
108878
110712
112546
114380
115464
116548
117632
3376
5210
7044
8878
10712
12546
14380
16214
18048
19882
21716
23550
25384
27218
29052
30886
32720
34554
36388
38222
40056
41890
43724
45558
47392
49226
51060
52894
54728
55812
56896
57980
62358
64192
66026
67860
69694
71528
73362
75196
77030
78864
80698
82532
84366
86200
88034
89868
91702
93536
95370
97204
99038
100872
102706
104540
106374
108208
110042
111876
113710
114794
115878
116962
269
1019
1769
2519
4353
6187
8021
9855
11689
13523
15357
17191
19025
20859
22693
24527
26361
28195
30029
31863
33697
35531
37365
39199
41033
42867
44701
46535
48369
50203
52037
53871
59251
60001
60751
61501
63335
65169
67003
68837
70671
72505
74339
76173
78007
79841
81675
83509
85343
87177
89011
90845
92679
94513
96347
98181
100015
101849
103683
105517
107351
109185
111019
112853
4134
5968
7802
9636
11470
13304
15138
16972
18806
20640
22474
24308
26142
27976
29810
31644
33478
35312
37146
38980
40814
42648
44482
46316
48150
49984
51818
53652
55486
56570
57654
58738
63116
64950
66784
68618
70452
72286
74120
75954
77788
79622
81456
83290
85124
86958
88792
90626
92460
94294
96128
97962
99796
101630
103464
105298
107132
108966
110800
112634
114468
115552
116636
117720
3330
5164
6998
8832
10666
12500
14334
16168
18002
19836
21670
23504
25338
27172
29006
30840
32674
34508
36342
38176
40010
41844
43678
45512
47346
49180
51014
52848
54682
55766
56850
57934
62312
64146
65980
67814
69648
71482
73316
75150
76984
78818
80652
82486
84320
86154
87988
89822
91656
93490
95324
97158
98992
100826
102660
104494
106328
108162
109996
111830
113664
114748
115832
116916
118154
118223
118247
118316
118340
118409
118433
118502
118526
118903
118972
118996
119065
119089
119158
119182
119251
119275
119652
119721
119745
119814
119838
119907
119931
120000
120024
120401
120470
120494
120563
120587
120656
120680
120749
120773
121150
121219
121243
121312
121336
121405
121429
121498
121522
121899
121968
121992
122061
122085
122154
122178
122247
122271
122648
122717
122741
122810
122834
122903
122927
122996
123020
123397
123466
123490
123559
123583
123652
123676
123745
123769
124146
124215
124239
124308
124332
124401
124425
124494
124518
124895
124964
124988
125057
125081
125150
125174
125243
125267
125644
125713
125737
125806
125830
125899
125923
125992
126016
126393
126462
126486
126555
126579
126648
126672
126741
126765
127142
127211
127235
127304
127328
127397
127421
127490
127514
127891
127960
127984
128053
128077
128146
128170
128239
128263
128640
128709
128733
128802
128826
128895
128919
128988
129012
129389
129458
129482
129551
129575
129644
129668
129737
129761
130138
130207
130231
130300
130324
130393
130417
130486
130510
130887
130956
130980
131049
131073
131142
131166
131235
131259
131636
131705
131729
131798
131822
131891
131915
131984
132008
132385
132454
132478
132547
132571
132640
132664
132733
132757
133134
133203
133227
133296
133320
133389
133413
133482
133506
133883
133952
133976
134045
134069
134138
134162
134231
134255
134632
134701
134725
134794
134818
134887
134911
134980
135004
135381
135450
135474
135543
135567
135636
135660
135729
135753
136130
136199
136223
136292
136316
136385
136409
136478
136502
136879
136948
136972
137041
137065
137134
137158
137227
137251
137628
137697
137721
137790
137814
137883
137907
137976
138000
138377
138446
138470
138539
138563
138632
138656
138725
138749
139126
139195
139219
139288
139312
139381
139405
139474
139498
139875
139944
139968
140037
140061
140130
140154
140223
140247
140624
140693
140717
140786
140810
140879
140903
140972
140996
141373
141442
141466
141535
141559
141628
141652
141721
141745
142122
142191
142215
142284
142308
142377
142401
142470
142494
142871
142940
142964
143033
143057
143126
143150
143219
143243
143620
143689
143713
143782
143806
143875
143899
143968
143992
144369
144438
144462
144531
144555
144624
144648
144717
144741
145118
145187
145211
145280
145304
145373
145397
145466
145490
145867
145936
145960
146029
146053
146122
146146
146215
146239
146616
146685
146709
146778
146802
146871
146895
146964
146988
147365
147434
147458
147527
147551
147620
147644
147713
147737
148114
148183
148207
148276
148300
148369
148393
148462
148486
148863
148932
148956
149025
149049
149118
149142
149211
149235
149612
149681
149705
149774
149798
149867
149891
149960
149984
150361
150430
150454
150523
150547
150616
150640
150709
150733
151110
151179
151203
151272
151296
151365
151389
151458
151482
151859
151928
151952
152021
152045
152114
152138
152207
152231
152608
152677
152701
152770
152794
152863
152887
152956
152980
153357
153426
153450
153519
153543
153612
153636
153705
153729
154106
154175
154199
154268
154292
154361
154385
154454
154478
154855
154924
154948
155017
155041
155110
155134
155203
155227
155604
155673
155697
155766
155790
155859
155883
155952
155976
156353
156422
156446
156515
156539
156608
156632
156701
156725
157102
157171
157195
157264
157288
157357
157381
157450
157474
157851
157920
157944
158013
158037
158106
158130
158199
158223
158600
158669
158693
158762
158786
158855
158879
158948
158972
159349
159418
159442
159511
159535
159604
159628
159697
159721
160098
160167
160191
160260
160284
160353
160377
160446
160470
160847
160916
160940
161009
161033
161102
161126
161195
161219
161596
161665
161689
161758
161782
161851
161875
161944
161968
162345
162414
162438
162507
162531
162600
162624
162693
162717
163094
163163
163187
163256
163280
163349
163373
163442
163466
163843
163912
163936
164005
164029
164098
164122
164191
164215
164592
164661
164685
164754
164778
164847
164871
164940
164964
165341
165410
165434
165503
165527
165596
165620
165689
165713
118130
118879
119628
120377
121126
121875
122624
123373
124122
124871
125620
126369
127118
127867
128616
129365
130114
130863
131612
132361
133110
133859
134608
135357
136106
136855
137604
138353
139102
139851
140600
141349
142098
142847
143596
144345
145094
145843
146592
147341
148090
148839
149588
150337
151086
151835
152584
153333
154082
154831
155580
156329
157078
157827
158576
159325
160074
160823
161572
162321
163070
163819
164568
165317
118595
119344
120093
120842
121591
122340
123089
123838
124587
125336
126085
126834
127583
128332
129081
129830
130579
131328
132077
132826
133575
134324
135073
135822
136571
137320
138069
138818
139567
140316
141065
141814
142563
143312
144061
144810
145559
146308
147057
147806
148555
149304
150053
150802
151551
152300
153049
153798
154547
155296
156045
156794
157543
158292
159041
159790
160539
161288
162037
162786
163535
164284
165033
165782
118061
118810
119559
120308
121057
121806
122555
123304
124053
124802
125551
126300
127049
127798
128547
129296
130045
130794
131543
132292
133041
133790
134539
135288
136037
136786
137535
138284
139033
139782
140531
141280
142029
142778
143527
144276
145025
145774
146523
147272
148021
148770
149519
150268
151017
151766
152515
153264
154013
154762
155511
156260
157009
157758
158507
159256
160005
160754
161503
162252
163001
163750
164499
165248
920
1670
2420
3170
4180
5004
6014
6838
7848
8672
9682
10506
11516
12340
13350
14174
15184
16008
17018
17842
18852
19676
20686
21510
22520
23344
24354
25178
26188
27012
28022
28846
29856
30680
31690
32514
33524
34348
35358
36182
37192
38016
39026
39850
40860
41684
42694
43518
44528
45352
46362
47186
48196
49020
50030
50854
51864
52688
53698
54522
55532
56616
57700
58784
59902
60652
61402
62152
63162
63986
64996
65820
66830
67654
68664
69488
70498
71322
72332
73156
74166
74990
76000
76824
77834
78658
79668
80492
81502
82326
83336
84160
85170
85994
87004
87828
88838
89662
90672
91496
92506
93330
94340
95164
96174
96998
98008
98832
99842
100666
101676
102500
103510
104334
105344
106168
107178
108002
109012
109836
110846
111670
112680
113504
114514
115598
116682
117766
118619
119368
120117
120866
121615
122364
123113
123862
124611
125360
126109
126858
127607
128356
129105
129854
130603
131352
132101
132850
133599
134348
135097
135846
136595
137344
138093
138842
139591
140340
141089
141838
142587
143336
144085
144834
145583
146332
147081
147830
148579
149328
150077
150826
151575
152324
153073
153822
154571
155320
156069
156818
157567
158316
159065
159814
160563
161312
162061
162810
163559
164308
165057
165806
363
387
456
480
549
573
642
666
735
759
828
852
921
1113
1137
1206
1230
1299
1323
1392
1416
1485
1509
1578
1602
1671
1863
1887
1956
1980
2049
2073
2142
2166
2235
2259
2328
2352
2421
2613
2637
2706
2730
2799
2823
2892
2916
2985
3009
3078
3102
3171
4447
4471
4540
4564
4633
4657
4726
4750
4819
4843
4912
4936
5005
6281
6305
6374
6398
6467
6491
6560
6584
6653
6677
6746
6770
6839
8115
8139
8208
8232
8301
8325
8394
8418
8487
8511
8580
8604
8673
9949
9973
10042
10066
10135
10159
10228
10252
10321
10345
10414
10438
10507
11783
11807
11876
11900
11969
11993
12062
12086
12155
12179
12248
12272
12341
13617
13641
13710
13734
13803
13827
13896
13920
13989
14013
14082
14106
14175
15451
15475
15544
15568
15637
15661
15730
15754
15823
15847
15916
15940
16009
17285
17309
17378
17402
17471
17495
17564
17588
17657
17681
17750
17774
17843
19119
19143
19212
19236
19305
19329
19398
19422
19491
19515
19584
19608
19677
20953
20977
21046
21070
21139
21163
21232
21256
21325
21349
21418
21442
21511
22787
22811
22880
22904
22973
22997
23066
23090
23159
23183
23252
23276
23345
24621
24645
24714
24738
24807
24831
24900
24924
24993
25017
25086
25110
25179
26455
26479
26548
26572
26641
26665
26734
26758
26827
26851
26920
26944
27013
28289
28313
28382
28406
28475
28499
28568
28592
28661
28685
28754
28778
28847
30123
30147
30216
30240
30309
30333
30402
30426
30495
30519
30588
30612
30681
31957
31981
32050
32074
32143
32167
32236
32260
32329
32353
32422
32446
32515
33791
33815
33884
33908
33977
34001
34070
34094
34163
34187
34256
34280
34349
35625
35649
35718
35742
35811
35835
35904
35928
35997
36021
36090
36114
36183
37459
37483
37552
37576
37645
37669
37738
37762
37831
37855
37924
37948
38017
39293
39317
39386
39410
39479
39503
39572
39596
39665
39689
39758
39782
39851
41127
41151
41220
41244
41313
41337
41406
41430
41499
41523
41592
41616
41685
42961
42985
43054
43078
43147
43171
43240
43264
43333
43357
43426
43450
43519
44795
44819
44888
44912
44981
45005
45074
45098
45167
45191
45260
45284
45353
46629
46653
46722
46746
46815
46839
46908
46932
47001
47025
47094
47118
47187
48463
48487
48556
48580
48649
48673
48742
48766
48835
48859
48928
48952
49021
50297
50321
50390
50414
50483
50507
50576
50600
50669
50693
50762
50786
50855
52131
52155
52224
52248
52317
52341
52410
52434
52503
52527
52596
52620
52689
53965
53989
54058
54082
54151
54175
54244
54268
54337
54361
54430
54454
54523
59345
59369
59438
59462
59531
59555
59624
59648
59717
59741
59810
59834
59903
60095
60119
60188
60212
60281
60305
60374
60398
60467
60491
60560
60584
60653
60845
60869
60938
60962
61031
61055
61124
61148
61217
61241
61310
61334
61403
61595
61619
61688
61712
61781
61805
61874
61898
61967
61991
62060
62084
62153
63429
63453
63522
63546
63615
63639
63708
63732
63801
63825
63894
63918
63987
65263
65287
65356
65380
65449
65473
65542
65566
65635
65659
65728
65752
65821
67097
67121
67190
67214
67283
67307
67376
67400
67469
67493
67562
67586
67655
68931
68955
69024
69048
69117
69141
69210
69234
69303
69327
69396
69420
69489
70765
70789
70858
70882
70951
70975
71044
71068
71137
71161
71230
71254
71323
72599
72623
72692
72716
72785
72809
72878
72902
72971
72995
73064
73088
73157
74433
74457
74526
74550
74619
74643
74712
74736
74805
74829
74898
74922
74991
76267
76291
76360
76384
76453
76477
76546
76570
76639
76663
76732
76756
76825
78101
78125
78194
78218
78287
78311
78380
78404
78473
78497
78566
78590
78659
79935
79959
80028
80052
80121
80145
80214
80238
80307
80331
80400
80424
80493
81769
81793
81862
81886
81955
81979
82048
82072
82141
82165
82234
82258
82327
83603
83627
83696
83720
83789
83813
83882
83906
83975
83999
84068
84092
84161
85437
85461
85530
85554
85623
85647
85716
85740
85809
85833
85902
85926
85995
87271
87295
87364
87388
87457
87481
87550
87574
87643
87667
87736
87760
87829
89105
89129
89198
89222
89291
89315
89384
89408
89477
89501
89570
89594
89663
90939
90963
91032
91056
91125
91149
91218
91242
91311
91335
91404
91428
91497
92773
92797
92866
92890
92959
92983
93052
93076
93145
93169
93238
93262
93331
94607
94631
94700
94724
94793
94817
94886
94910
94979
95003
95072
95096
95165
96441
96465
96534
96558
96627
96651
96720
96744
96813
96837
96906
96930
96999
98275
98299
98368
98392
98461
98485
98554
98578
98647
98671
98740
98764
98833
100109
100133
100202
100226
100295
100319
100388
100412
100481
100505
100574
100598
100667
101943
101967
102036
102060
102129
102153
102222
102246
102315
102339
102408
102432
102501
103777
103801
103870
103894
103963
103987
104056
104080
104149
104173
104242
104266
104335
105611
105635
105704
105728
105797
105821
105890
105914
105983
106007
106076
106100
106169
107445
107469
107538
107562
107631
107655
107724
107748
107817
107841
107910
107934
108003
109279
109303
109372
109396
109465
109489
109558
109582
109651
109675
109744
109768
109837
111113
111137
111206
111230
111299
111323
111392
111416
111485
111509
111578
111602
111671
112947
112971
113040
113064
113133
113157
113226
113250
113319
113343
113412
113436
113505
118037
118786
119535
120284
121033
121782
122531
123280
124029
124778
125527
126276
127025
127774
128523
129272
130021
130770
131519
132268
133017
133766
134515
135264
136013
136762
137511
138260
139009
139758
140507
141256
142005
142754
143503
144252
145001
145750
146499
147248
147997
148746
149495
150244
150993
151742
152491
153240
153989
154738
155487
156236
156985
157734
158483
159232
159981
160730
161479
162228
162977
163726
164475
165224
294
1044
1794
2544
4378
6212
8046
9880
11714
13548
15382
17216
19050
20884
22718
24552
26386
28220
30054
31888
33722
35556
37390
39224
41058
42892
44726
46560
48394
50228
52062
53896
59276
60026
60776
61526
63360
65194
67028
68862
70696
72530
74364
76198
78032
79866
81700
83534
85368
87202
89036
90870
92704
94538
96372
98206
100040
101874
103708
105542
107376
109210
111044
112878
3242
5076
6910
8744
10578
12412
14246
16080
17914
19748
21582
23416
25250
27084
28918
30752
32586
34420
36254
38088
39922
41756
43590
45424
47258
49092
50926
52760
54594
55678
56762
57846
62224
64058
65892
67726
69560
71394
73228
75062
76896
78730
80564
82398
84232
86066
87900
89734
91568
93402
95236
97070
98904
100738
102572
104406
106240
108074
109908
111742
113576
114660
115744
116828
199
949
1699
2449
4283
6117
7951
9785
11619
13453
15287
17121
18955
20789
22623
24457
26291
28125
29959
31793
33627
35461
37295
39129
40963
42797
44631
46465
48299
50133
51967
53801
59181
59931
60681
61431
63265
65099
66933
68767
70601
72435
74269
76103
77937
79771
81605
83439
85273
87107
88941
90775
92609
94443
96277
98111
99945
101779
103613
105447
107281
109115
110949
112783
270
1020
1770
2520
4354
6188
8022
9856
11690
13524
15358
17192
19026
20860
22694
24528
26362
28196
30030
31864
33698
35532
37366
39200
41034
42868
44702
46536
48370
50204
52038
53872
59252
60002
60752
61502
63336
65170
67004
68838
70672
72506
74340
76174
78008
79842
81676
83510
85344
87178
89012
90846
92680
94514
96348
98182
100016
101850
103684
105518
107352
109186
111020
112854
283
376
469
562
655
748
841
934
1033
1126
1219
1312
1405
1498
1591
1684
1783
1876
1969
2062
2155
2248
2341
2434
2533
2626
2719
2812
2905
2998
3091
3184
4367
4460
4553
4646
4739
4832
4925
5018
6201
6294
6387
6480
6573
6666
6759
6852
8035
8128
8221
8314
8407
8500
8593
8686
9869
9962
10055
10148
10241
10334
10427
10520
11703
11796
11889
11982
12075
12168
12261
12354
13537
13630
13723
13816
13909
14002
14095
14188
15371
15464
15557
15650
15743
15836
15929
16022
17205
17298
17391
17484
17577
17670
17763
17856
19039
19132
19225
19318
19411
19504
19597
19690
20873
20966
21059
21152
21245
21338
21431
21524
22707
22800
22893
22986
23079
23172
23265
23358
24541
24634
24727
24820
24913
25006
25099
25192
26375
26468
26561
26654
26747
26840
26933
27026
28209
28302
28395
28488
28581
28674
28767
28860
30043
30136
30229
30322
30415
30508
30601
30694
31877
31970
32063
32156
32249
32342
32435
32528
33711
33804
33897
33990
34083
34176
34269
34362
35545
35638
35731
35824
35917
36010
36103
36196
37379
37472
37565
37658
37751
37844
37937
38030
39213
39306
39399
39492
39585
39678
39771
39864
41047
41140
41233
41326
41419
41512
41605
41698
42881
42974
43067
43160
43253
43346
43439
43532
44715
44808
44901
44994
45087
45180
45273
45366
46549
46642
46735
46828
46921
47014
47107
47200
48383
48476
48569
48662
48755
48848
48941
49034
50217
50310
50403
50496
50589
50682
50775
50868
52051
52144
52237
52330
52423
52516
52609
52702
53885
53978
54071
54164
54257
54350
54443
54536
59265
59358
59451
59544
59637
59730
59823
59916
60015
60108
60201
60294
60387
60480
60573
60666
60765
60858
60951
61044
61137
61230
61323
61416
61515
61608
61701
61794
61887
61980
62073
62166
63349
63442
63535
63628
63721
63814
63907
64000
65183
65276
65369
65462
65555
65648
65741
65834
67017
67110
67203
67296
67389
67482
67575
67668
68851
68944
69037
69130
69223
69316
69409
69502
70685
70778
70871
70964
71057
71150
71243
71336
72519
72612
72705
72798
72891
72984
73077
73170
74353
74446
74539
74632
74725
74818
74911
75004
76187
76280
76373
76466
76559
76652
76745
76838
78021
78114
78207
78300
78393
78486
78579
78672
79855
79948
80041
80134
80227
80320
80413
80506
81689
81782
81875
81968
82061
82154
82247
82340
83523
83616
83709
83802
83895
83988
84081
84174
85357
85450
85543
85636
85729
85822
85915
86008
87191
87284
87377
87470
87563
87656
87749
87842
89025
89118
89211
89304
89397
89490
89583
89676
90859
90952
91045
91138
91231
91324
91417
91510
92693
92786
92879
92972
93065
93158
93251
93344
94527
94620
94713
94806
94899
94992
95085
95178
96361
96454
96547
96640
96733
96826
96919
97012
98195
98288
98381
98474
98567
98660
98753
98846
100029
100122
100215
100308
100401
100494
100587
100680
101863
101956
102049
102142
102235
102328
102421
102514
103697
103790
103883
103976
104069
104162
104255
104348
105531
105624
105717
105810
105903
105996
106089
106182
107365
107458
107551
107644
107737
107830
107923
108016
109199
109292
109385
109478
109571
109664
109757
109850
111033
111126
111219
111312
111405
111498
111591
111684
112867
112960
113053
113146
113239
113332
113425
113518
118688
119437
120186
120935
121684
122433
123182
123931
124680
125429
126178
126927
127676
128425
129174
129923
130672
131421
132170
132919
133668
134417
135166
135915
136664
137413
138162
138911
139660
140409
141158
141907
142656
143405
144154
144903
145652
146401
147150
147899
148648
149397
150146
150895
151644
152393
153142
153891
154640
155389
156138
156887
157636
158385
159134
159883
160632
161381
162130
162879
163628
164377
165126
165875
3300
3434
3568
3702
3836
3970
4104
4238
5134
5268
5402
5536
5670
5804
5938
6072
6968
7102
7236
7370
7504
7638
7772
7906
8802
8936
9070
9204
9338
9472
9606
9740
10636
10770
10904
11038
11172
11306
11440
11574
12470
12604
12738
12872
13006
13140
13274
13408
14304
14438
14572
14706
14840
14974
15108
15242
16138
16272
16406
16540
16674
16808
16942
17076
17972
18106
18240
18374
18508
18642
18776
18910
19806
19940
20074
20208
20342
20476
20610
20744
21640
21774
21908
22042
22176
22310
22444
22578
23474
23608
23742
23876
24010
24144
24278
24412
25308
25442
25576
25710
25844
25978
26112
26246
27142
27276
27410
27544
27678
27812
27946
28080
28976
29110
29244
29378
29512
29646
29780
29914
30810
30944
31078
31212
31346
31480
31614
31748
32644
32778
32912
33046
33180
33314
33448
33582
34478
34612
34746
34880
35014
35148
35282
35416
36312
36446
36580
36714
36848
36982
37116
37250
38146
38280
38414
38548
38682
38816
38950
39084
39980
40114
40248
40382
40516
40650
40784
40918
41814
41948
42082
42216
42350
42484
42618
42752
43648
43782
43916
44050
44184
44318
44452
44586
45482
45616
45750
45884
46018
46152
46286
46420
47316
47450
47584
47718
47852
47986
48120
48254
49150
49284
49418
49552
49686
49820
49954
50088
50984
51118
51252
51386
51520
51654
51788
51922
52818
52952
53086
53220
53354
53488
53622
53756
54652
54786
54920
55054
55188
55322
55456
55590
55736
55870
56004
56138
56272
56406
56540
56674
56820
56954
57088
57222
57356
57490
57624
57758
57904
58038
58172
58306
58440
58574
58708
58842
62282
62416
62550
62684
62818
62952
63086
63220
64116
64250
64384
64518
64652
64786
64920
65054
65950
66084
66218
66352
66486
66620
66754
66888
67784
67918
68052
68186
68320
68454
68588
68722
69618
69752
69886
70020
70154
70288
70422
70556
71452
71586
71720
71854
71988
72122
72256
72390
73286
73420
73554
73688
73822
73956
74090
74224
75120
75254
75388
75522
75656
75790
75924
76058
76954
77088
77222
77356
77490
77624
77758
77892
78788
78922
79056
79190
79324
79458
79592
79726
80622
80756
80890
81024
81158
81292
81426
81560
82456
82590
82724
82858
82992
83126
83260
83394
84290
84424
84558
84692
84826
84960
85094
85228
86124
86258
86392
86526
86660
86794
86928
87062
87958
88092
88226
88360
88494
88628
88762
88896
89792
89926
90060
90194
90328
90462
90596
90730
91626
91760
91894
92028
92162
92296
92430
92564
93460
93594
93728
93862
93996
94130
94264
94398
95294
95428
95562
95696
95830
95964
96098
96232
97128
97262
97396
97530
97664
97798
97932
98066
98962
99096
99230
99364
99498
99632
99766
99900
100796
100930
101064
101198
101332
101466
101600
101734
102630
102764
102898
103032
103166
103300
103434
103568
104464
104598
104732
104866
105000
105134
105268
105402
106298
106432
106566
106700
106834
106968
107102
107236
108132
108266
108400
108534
108668
108802
108936
109070
109966
110100
110234
110368
110502
110636
110770
110904
111800
111934
112068
112202
112336
112470
112604
112738
113634
113768
113902
114036
114170
114304
114438
114572
114718
114852
114986
115120
115254
115388
115522
115656
115802
115936
116070
116204
116338
116472
116606
116740
116886
117020
117154
117288
117422
117556
117690
117824
215
308
401
494
587
680
773
866
965
1058
1151
1244
1337
1430
1523
1616
1715
1808
1901
1994
2087
2180
2273
2366
2465
2558
2651
2744
2837
2930
3023
3116
4299
4392
4485
4578
4671
4764
4857
4950
6133
6226
6319
6412
6505
6598
6691
6784
7967
8060
8153
8246
8339
8432
8525
8618
9801
9894
9987
10080
10173
10266
10359
10452
11635
11728
11821
11914
12007
12100
12193
12286
13469
13562
13655
13748
13841
13934
14027
14120
15303
15396
15489
15582
15675
15768
15861
15954
17137
17230
17323
17416
17509
17602
17695
17788
18971
19064
19157
19250
19343
19436
19529
19622
20805
20898
20991
21084
21177
21270
21363
21456
22639
22732
22825
22918
23011
23104
23197
23290
24473
24566
24659
24752
24845
24938
25031
25124
26307
26400
26493
26586
26679
26772
26865
26958
28141
28234
28327
28420
28513
28606
28699
28792
29975
30068
30161
30254
30347
30440
30533
30626
31809
31902
31995
32088
32181
32274
32367
32460
33643
33736
33829
33922
34015
34108
34201
34294
35477
35570
35663
35756
35849
35942
36035
36128
37311
37404
37497
37590
37683
37776
37869
37962
39145
39238
39331
39424
39517
39610
39703
39796
40979
41072
41165
41258
41351
41444
41537
41630
42813
42906
42999
43092
43185
43278
43371
43464
44647
44740
44833
44926
45019
45112
45205
45298
46481
46574
46667
46760
46853
46946
47039
47132
48315
48408
48501
48594
48687
48780
48873
48966
50149
50242
50335
50428
50521
50614
50707
50800
51983
52076
52169
52262
52355
52448
52541
52634
53817
53910
54003
54096
54189
54282
54375
54468
59197
59290
59383
59476
59569
59662
59755
59848
59947
60040
60133
60226
60319
60412
60505
60598
60697
60790
60883
60976
61069
61162
61255
61348
61447
61540
61633
61726
61819
61912
62005
62098
63281
63374
63467
63560
63653
63746
63839
63932
65115
65208
65301
65394
65487
65580
65673
65766
66949
67042
67135
67228
67321
67414
67507
67600
68783
68876
68969
69062
69155
69248
69341
69434
70617
70710
70803
70896
70989
71082
71175
71268
72451
72544
72637
72730
72823
72916
73009
73102
74285
74378
74471
74564
74657
74750
74843
74936
76119
76212
76305
76398
76491
76584
76677
76770
77953
78046
78139
78232
78325
78418
78511
78604
79787
79880
79973
80066
80159
80252
80345
80438
81621
81714
81807
81900
81993
82086
82179
82272
83455
83548
83641
83734
83827
83920
84013
84106
85289
85382
85475
85568
85661
85754
85847
85940
87123
87216
87309
87402
87495
87588
87681
87774
88957
89050
89143
89236
89329
89422
89515
89608
90791
90884
90977
91070
91163
91256
91349
91442
92625
92718
92811
92904
92997
93090
93183
93276
94459
94552
94645
94738
94831
94924
95017
95110
96293
96386
96479
96572
96665
96758
96851
96944
98127
98220
98313
98406
98499
98592
98685
98778
99961
100054
100147
100240
100333
100426
100519
100612
101795
101888
101981
102074
102167
102260
102353
102446
103629
103722
103815
103908
104001
104094
104187
104280
105463
105556
105649
105742
105835
105928
106021
106114
107297
107390
107483
107576
107669
107762
107855
107948
109131
109224
109317
109410
109503
109596
109689
109782
110965
111058
111151
111244
111337
111430
111523
111616
112799
112892
112985
113078
113171
113264
113357
113450
117983
118076
118169
118262
118355
118448
118541
118634
118732
118825
118918
119011
119104
119197
119290
119383
119481
119574
119667
119760
119853
119946
120039
120132
120230
120323
120416
120509
120602
120695
120788
120881
120979
121072
121165
121258
121351
121444
121537
121630
121728
121821
121914
122007
122100
122193
122286
122379
122477
122570
122663
122756
122849
122942
123035
123128
123226
123319
123412
123505
123598
123691
123784
123877
123975
124068
124161
124254
124347
124440
124533
124626
124724
124817
124910
125003
125096
125189
125282
125375
125473
125566
125659
125752
125845
125938
126031
126124
126222
126315
126408
126501
126594
126687
126780
126873
126971
127064
127157
127250
127343
127436
127529
127622
127720
127813
127906
127999
128092
128185
128278
128371
128469
128562
128655
128748
128841
128934
129027
129120
129218
129311
129404
129497
129590
129683
129776
129869
129967
130060
130153
130246
130339
130432
130525
130618
130716
130809
130902
130995
131088
131181
131274
131367
131465
131558
131651
131744
131837
131930
132023
132116
132214
132307
132400
132493
132586
132679
132772
132865
132963
133056
133149
133242
133335
133428
133521
133614
133712
133805
133898
133991
134084
134177
134270
134363
134461
134554
134647
134740
134833
134926
135019
135112
135210
135303
135396
135489
135582
135675
135768
135861
135959
136052
136145
136238
136331
136424
136517
136610
136708
136801
136894
136987
137080
137173
137266
137359
137457
137550
137643
137736
137829
137922
138015
138108
138206
138299
138392
138485
138578
138671
138764
138857
138955
139048
139141
139234
139327
139420
139513
139606
139704
139797
139890
139983
140076
140169
140262
140355
140453
140546
140639
140732
140825
140918
141011
141104
141202
141295
141388
141481
141574
141667
141760
141853
141951
142044
142137
142230
142323
142416
142509
142602
142700
142793
142886
142979
143072
143165
143258
143351
143449
143542
143635
143728
143821
143914
144007
144100
144198
144291
144384
144477
144570
144663
144756
144849
144947
145040
145133
145226
145319
145412
145505
145598
145696
145789
145882
145975
146068
146161
146254
146347
146445
146538
146631
146724
146817
146910
147003
147096
147194
147287
147380
147473
147566
147659
147752
147845
147943
148036
148129
148222
148315
148408
148501
148594
148692
148785
148878
148971
149064
149157
149250
149343
149441
149534
149627
149720
149813
149906
149999
150092
150190
150283
150376
150469
150562
150655
150748
150841
150939
151032
151125
151218
151311
151404
151497
151590
151688
151781
151874
151967
152060
152153
152246
152339
152437
152530
152623
152716
152809
152902
152995
153088
153186
153279
153372
153465
153558
153651
153744
153837
153935
154028
154121
154214
154307
154400
154493
154586
154684
154777
154870
154963
155056
155149
155242
155335
155433
155526
155619
155712
155805
155898
155991
156084
156182
156275
156368
156461
156554
156647
156740
156833
156931
157024
157117
157210
157303
157396
157489
157582
157680
157773
157866
157959
158052
158145
158238
158331
158429
158522
158615
158708
158801
158894
158987
159080
159178
159271
159364
159457
159550
159643
159736
159829
159927
160020
160113
160206
160299
160392
160485
160578
160676
160769
160862
160955
161048
161141
161234
161327
161425
161518
161611
161704
161797
161890
161983
162076
162174
162267
162360
162453
162546
162639
162732
162825
162923
163016
163109
163202
163295
163388
163481
163574
163672
163765
163858
163951
164044
164137
164230
164323
164421
164514
164607
164700
164793
164886
164979
165072
165170
165263
165356
165449
165542
165635
165728
165821
282
375
468
561
654
747
840
933
1032
1125
1218
1311
1404
1497
1590
1683
1782
1875
1968
2061
2154
2247
2340
2433
2532
2625
2718
2811
2904
2997
3090
3183
4366
4459
4552
4645
4738
4831
4924
5017
6200
6293
6386
6479
6572
6665
6758
6851
8034
8127
8220
8313
8406
8499
8592
8685
9868
9961
10054
10147
10240
10333
10426
10519
11702
11795
11888
11981
12074
12167
12260
12353
13536
13629
13722
13815
13908
14001
14094
14187
15370
15463
15556
15649
15742
15835
15928
16021
17204
17297
17390
17483
17576
17669
17762
17855
19038
19131
19224
19317
19410
19503
19596
19689
20872
20965
21058
21151
21244
21337
21430
21523
22706
22799
22892
22985
23078
23171
23264
23357
24540
24633
24726
24819
24912
25005
25098
25191
26374
26467
26560
26653
26746
26839
26932
27025
28208
28301
28394
28487
28580
28673
28766
28859
30042
30135
30228
30321
30414
30507
30600
30693
31876
31969
32062
32155
32248
32341
32434
32527
33710
33803
33896
33989
34082
34175
34268
34361
35544
35637
35730
35823
35916
36009
36102
36195
37378
37471
37564
37657
37750
37843
37936
38029
39212
39305
39398
39491
39584
39677
39770
39863
41046
41139
41232
41325
41418
41511
41604
41697
42880
42973
43066
43159
43252
43345
43438
43531
44714
44807
44900
44993
45086
45179
45272
45365
46548
46641
46734
46827
46920
47013
47106
47199
48382
48475
48568
48661
48754
48847
48940
49033
50216
50309
50402
50495
50588
50681
50774
50867
52050
52143
52236
52329
52422
52515
52608
52701
53884
53977
54070
54163
54256
54349
54442
54535
59264
59357
59450
59543
59636
59729
59822
59915
60014
60107
60200
60293
60386
60479
60572
60665
60764
60857
60950
61043
61136
61229
61322
61415
61514
61607
61700
61793
61886
61979
62072
62165
63348
63441
63534
63627
63720
63813
63906
63999
65182
65275
65368
65461
65554
65647
65740
65833
67016
67109
67202
67295
67388
67481
67574
67667
68850
68943
69036
69129
69222
69315
69408
69501
70684
70777
70870
70963
71056
71149
71242
71335
72518
72611
72704
72797
72890
72983
73076
73169
74352
74445
74538
74631
74724
74817
74910
75003
76186
76279
76372
76465
76558
76651
76744
76837
78020
78113
78206
78299
78392
78485
78578
78671
79854
79947
80040
80133
80226
80319
80412
80505
81688
81781
81874
81967
82060
82153
82246
82339
83522
83615
83708
83801
83894
83987
84080
84173
85356
85449
85542
85635
85728
85821
85914
86007
87190
87283
87376
87469
87562
87655
87748
87841
89024
89117
89210
89303
89396
89489
89582
89675
90858
90951
91044
91137
91230
91323
91416
91509
92692
92785
92878
92971
93064
93157
93250
93343
94526
94619
94712
94805
94898
94991
95084
95177
96360
96453
96546
96639
96732
96825
96918
97011
98194
98287
98380
98473
98566
98659
98752
98845
100028
100121
100214
100307
100400
100493
100586
100679
101862
101955
102048
102141
102234
102327
102420
102513
103696
103789
103882
103975
104068
104161
104254
104347
105530
105623
105716
105809
105902
105995
106088
106181
107364
107457
107550
107643
107736
107829
107922
108015
109198
109291
109384
109477
109570
109663
109756
109849
111032
111125
111218
111311
111404
111497
111590
111683
112866
112959
113052
113145
113238
113331
113424
113517
3240
3328
3374
3462
3508
3596
3642
3730
3776
3864
3910
3998
4044
4132
5074
5162
5208
5296
5342
5430
5476
5564
5610
5698
5744
5832
5878
5966
6908
6996
7042
7130
7176
7264
7310
7398
7444
7532
7578
7666
7712
7800
8742
8830
8876
8964
9010
9098
9144
9232
9278
9366
9412
9500
9546
9634
10576
10664
10710
10798
10844
10932
10978
11066
11112
11200
11246
11334
11380
11468
12410
12498
12544
12632
12678
12766
12812
12900
12946
13034
13080
13168
13214
13302
14244
14332
14378
14466
14512
14600
14646
14734
14780
14868
14914
15002
15048
15136
16078
16166
16212
16300
16346
16434
16480
16568
16614
16702
16748
16836
16882
16970
17912
18000
18046
18134
18180
18268
18314
18402
18448
18536
18582
18670
18716
18804
19746
19834
19880
19968
20014
20102
20148
20236
20282
20370
20416
20504
20550
20638
21580
21668
21714
21802
21848
21936
21982
22070
22116
22204
22250
22338
22384
22472
23414
23502
23548
23636
23682
23770
23816
23904
23950
24038
24084
24172
24218
24306
25248
25336
25382
25470
25516
25604
25650
25738
25784
25872
25918
26006
26052
26140
27082
27170
27216
27304
27350
27438
27484
27572
27618
27706
27752
27840
27886
27974
28916
29004
29050
29138
29184
29272
29318
29406
29452
29540
29586
29674
29720
29808
30750
30838
30884
30972
31018
31106
31152
31240
31286
31374
31420
31508
31554
31642
32584
32672
32718
32806
32852
32940
32986
33074
33120
33208
33254
33342
33388
33476
34418
34506
34552
34640
34686
34774
34820
34908
34954
35042
35088
35176
35222
35310
36252
36340
36386
36474
36520
36608
36654
36742
36788
36876
36922
37010
37056
37144
38086
38174
38220
38308
38354
38442
38488
38576
38622
38710
38756
38844
38890
38978
39920
40008
40054
40142
40188
40276
40322
40410
40456
40544
40590
40678
40724
40812
41754
41842
41888
41976
42022
42110
42156
42244
42290
42378
42424
42512
42558
42646
43588
43676
43722
43810
43856
43944
43990
44078
44124
44212
44258
44346
44392
44480
45422
45510
45556
45644
45690
45778
45824
45912
45958
46046
46092
46180
46226
46314
47256
47344
47390
47478
47524
47612
47658
47746
47792
47880
47926
48014
48060
48148
49090
49178
49224
49312
49358
49446
49492
49580
49626
49714
49760
49848
49894
49982
50924
51012
51058
51146
51192
51280
51326
51414
51460
51548
51594
51682
51728
51816
52758
52846
52892
52980
53026
53114
53160
53248
53294
53382
53428
53516
53562
53650
54592
54680
54726
54814
54860
54948
54994
55082
55128
55216
55262
55350
55396
55484
55676
55764
55810
55898
55944
56032
56078
56166
56212
56300
56346
56434
56480
56568
56760
56848
56894
56982
57028
57116
57162
57250
57296
57384
57430
57518
57564
57652
57844
57932
57978
58066
58112
58200
58246
58334
58380
58468
58514
58602
58648
58736
62222
62310
62356
62444
62490
62578
62624
62712
62758
62846
62892
62980
63026
63114
64056
64144
64190
64278
64324
64412
64458
64546
64592
64680
64726
64814
64860
64948
65890
65978
66024
66112
66158
66246
66292
66380
66426
66514
66560
66648
66694
66782
67724
67812
67858
67946
67992
68080
68126
68214
68260
68348
68394
68482
68528
68616
69558
69646
69692
69780
69826
69914
69960
70048
70094
70182
70228
70316
70362
70450
71392
71480
71526
71614
71660
71748
71794
71882
71928
72016
72062
72150
72196
72284
73226
73314
73360
73448
73494
73582
73628
73716
73762
73850
73896
73984
74030
74118
75060
75148
75194
75282
75328
75416
75462
75550
75596
75684
75730
75818
75864
75952
76894
76982
77028
77116
77162
77250
77296
77384
77430
77518
77564
77652
77698
77786
78728
78816
78862
78950
78996
79084
79130
79218
79264
79352
79398
79486
79532
79620
80562
80650
80696
80784
80830
80918
80964
81052
81098
81186
81232
81320
81366
81454
82396
82484
82530
82618
82664
82752
82798
82886
82932
83020
83066
83154
83200
83288
84230
84318
84364
84452
84498
84586
84632
84720
84766
84854
84900
84988
85034
85122
86064
86152
86198
86286
86332
86420
86466
86554
86600
86688
86734
86822
86868
86956
87898
87986
88032
88120
88166
88254
88300
88388
88434
88522
88568
88656
88702
88790
89732
89820
89866
89954
90000
90088
90134
90222
90268
90356
90402
90490
90536
90624
91566
91654
91700
91788
91834
91922
91968
92056
92102
92190
92236
92324
92370
92458
93400
93488
93534
93622
93668
93756
93802
93890
93936
94024
94070
94158
94204
94292
95234
95322
95368
95456
95502
95590
95636
95724
95770
95858
95904
95992
96038
96126
97068
97156
97202
97290
97336
97424
97470
97558
97604
97692
97738
97826
97872
97960
98902
98990
99036
99124
99170
99258
99304
99392
99438
99526
99572
99660
99706
99794
100736
100824
100870
100958
101004
101092
101138
101226
101272
101360
101406
101494
101540
101628
102570
102658
102704
102792
102838
102926
102972
103060
103106
103194
103240
103328
103374
103462
104404
104492
104538
104626
104672
104760
104806
104894
104940
105028
105074
105162
105208
105296
106238
106326
106372
106460
106506
106594
106640
106728
106774
106862
106908
106996
107042
107130
108072
108160
108206
108294
108340
108428
108474
108562
108608
108696
108742
108830
108876
108964
109906
109994
110040
110128
110174
110262
110308
110396
110442
110530
110576
110664
110710
110798
111740
111828
111874
111962
112008
112096
112142
112230
112276
112364
112410
112498
112544
112632
113574
113662
113708
113796
113842
113930
113976
114064
114110
114198
114244
114332
114378
114466
114658
114746
114792
114880
114926
115014
115060
115148
115194
115282
115328
115416
115462
115550
115742
115830
115876
115964
116010
116098
116144
116232
116278
116366
116412
116500
116546
116634
116826
116914
116960
117048
117094
117182
117228
117316
117362
117450
117496
117584
117630
117718
3213
3347
3481
3615
3749
3883
4017
4151
5047
5181
5315
5449
5583
5717
5851
5985
6881
7015
7149
7283
7417
7551
7685
7819
8715
8849
8983
9117
9251
9385
9519
9653
10549
10683
10817
10951
11085
11219
11353
11487
12383
12517
12651
12785
12919
13053
13187
13321
14217
14351
14485
14619
14753
14887
15021
15155
16051
16185
16319
16453
16587
16721
16855
16989
17885
18019
18153
18287
18421
18555
18689
18823
19719
19853
19987
20121
20255
20389
20523
20657
21553
21687
21821
21955
22089
22223
22357
22491
23387
23521
23655
23789
23923
24057
24191
24325
25221
25355
25489
25623
25757
25891
26025
26159
27055
27189
27323
27457
27591
27725
27859
27993
28889
29023
29157
29291
29425
29559
29693
29827
30723
30857
30991
31125
31259
31393
31527
31661
32557
32691
32825
32959
33093
33227
33361
33495
34391
34525
34659
34793
34927
35061
35195
35329
36225
36359
36493
36627
36761
36895
37029
37163
38059
38193
38327
38461
38595
38729
38863
38997
39893
40027
40161
40295
40429
40563
40697
40831
41727
41861
41995
42129
42263
42397
42531
42665
43561
43695
43829
43963
44097
44231
44365
44499
45395
45529
45663
45797
45931
46065
46199
46333
47229
47363
47497
47631
47765
47899
48033
48167
49063
49197
49331
49465
49599
49733
49867
50001
50897
51031
51165
51299
51433
51567
51701
51835
52731
52865
52999
53133
53267
53401
53535
53669
54565
54699
54833
54967
55101
55235
55369
55503
55649
55783
55917
56051
56185
56319
56453
56587
56733
56867
57001
57135
57269
57403
57537
57671
57817
57951
58085
58219
58353
58487
58621
58755
62195
62329
62463
62597
62731
62865
62999
63133
64029
64163
64297
64431
64565
64699
64833
64967
65863
65997
66131
66265
66399
66533
66667
66801
67697
67831
67965
68099
68233
68367
68501
68635
69531
69665
69799
69933
70067
70201
70335
70469
71365
71499
71633
71767
71901
72035
72169
72303
73199
73333
73467
73601
73735
73869
74003
74137
75033
75167
75301
75435
75569
75703
75837
75971
76867
77001
77135
77269
77403
77537
77671
77805
78701
78835
78969
79103
79237
79371
79505
79639
80535
80669
80803
80937
81071
81205
81339
81473
82369
82503
82637
82771
82905
83039
83173
83307
84203
84337
84471
84605
84739
84873
85007
85141
86037
86171
86305
86439
86573
86707
86841
86975
87871
88005
88139
88273
88407
88541
88675
88809
89705
89839
89973
90107
90241
90375
90509
90643
91539
91673
91807
91941
92075
92209
92343
92477
93373
93507
93641
93775
93909
94043
94177
94311
95207
95341
95475
95609
95743
95877
96011
96145
97041
97175
97309
97443
97577
97711
97845
97979
98875
99009
99143
99277
99411
99545
99679
99813
100709
100843
100977
101111
101245
101379
101513
101647
102543
102677
102811
102945
103079
103213
103347
103481
104377
104511
104645
104779
104913
105047
105181
105315
106211
106345
106479
106613
106747
106881
107015
107149
108045
108179
108313
108447
108581
108715
108849
108983
109879
110013
110147
110281
110415
110549
110683
110817
111713
111847
111981
112115
112249
112383
112517
112651
113547
113681
113815
113949
114083
114217
114351
114485
114631
114765
114899
115033
115167
115301
115435
115569
115715
115849
115983
116117
116251
116385
116519
116653
116799
116933
117067
117201
117335
117469
117603
117737
3241
3329
3375
3463
3509
3597
3643
3731
3777
3865
3911
3999
4045
5075
5163
5209
5297
5343
5431
5477
5565
5611
5699
5745
5833
5879
6909
6997
7043
7131
7177
7265
7311
7399
7445
7533
7579
7667
7713
8743
8831
8877
8965
9011
9099
9145
9233
9279
9367
9413
9501
9547
10577
10665
10711
10799
10845
10933
10979
11067
11113
11201
11247
11335
11381
12411
12499
12545
12633
12679
12767
12813
12901
12947
13035
13081
13169
13215
14245
14333
14379
14467
14513
14601
14647
14735
14781
14869
14915
15003
15049
16079
16167
16213
16301
16347
16435
16481
16569
16615
16703
16749
16837
16883
17913
18001
18047
18135
18181
18269
18315
18403
18449
18537
18583
18671
18717
19747
19835
19881
19969
20015
20103
20149
20237
20283
20371
20417
20505
20551
21581
21669
21715
21803
21849
21937
21983
22071
22117
22205
22251
22339
22385
23415
23503
23549
23637
23683
23771
23817
23905
23951
24039
24085
24173
24219
25249
25337
25383
25471
25517
25605
25651
25739
25785
25873
25919
26007
26053
27083
27171
27217
27305
27351
27439
27485
27573
27619
27707
27753
27841
27887
28917
29005
29051
29139
29185
29273
29319
29407
29453
29541
29587
29675
29721
30751
30839
30885
30973
31019
31107
31153
31241
31287
31375
31421
31509
31555
32585
32673
32719
32807
32853
32941
32987
33075
33121
33209
33255
33343
33389
34419
34507
34553
34641
34687
34775
34821
34909
34955
35043
35089
35177
35223
36253
36341
36387
36475
36521
36609
36655
36743
36789
36877
36923
37011
37057
38087
38175
38221
38309
38355
38443
38489
38577
38623
38711
38757
38845
38891
39921
40009
40055
40143
40189
40277
40323
40411
40457
40545
40591
40679
40725
41755
41843
41889
