1
7
9
13
19
21
25
31
33
37
43
45
49
55
57
61
67
69
73
79
81
85
91
93
57604
57612
57620
57628
57636
57644
57652
57660
57664
57666
57668
57670
57672
57674
57676
57678
57680
57682
57684
57686
57688
57690
57692
57694
3
11
15
23
27
35
39
47
51
59
63
71
75
83
87
95
57600
57606
57608
57614
57616
57622
57624
57630
57632
57638
57640
57646
57648
57654
57656
57662
114916
114924
114932
114940
114948
114956
114964
114972
5
17
29
41
53
65
77
89
57602
57610
57618
57626
57634
57642
57650
57658
114912
114914
114918
114920
114922
114926
114928
114930
114934
114936
114938
114942
114944
114946
114950
114952
114954
114958
114960
114962
114966
114968
114970
114974
114976
114978
114980
114982
114984
114986
114988
114990
114992
114994
114996
114998
115000
115002
115004
115006
374
441
465
532
556
623
647
714
738
1104
1171
1195
1262
1286
1353
1377
1444
1468
2892
2959
2983
3050
3074
3141
3165
3232
3256
4680
4747
4771
4838
4862
4929
4953
5020
5044
6468
6535
6559
6626
6650
6717
6741
6808
6832
8256
8323
8347
8414
8438
8505
8529
8596
8620
10044
10111
10135
10202
10226
10293
10317
10384
10408
11832
11899
11923
11990
12014
12081
12105
12172
12196
13620
13687
13711
13778
13802
13869
13893
13960
13984
15408
15475
15499
15566
15590
15657
15681
15748
15772
17196
17263
17287
17354
17378
17445
17469
17536
17560
18984
19051
19075
19142
19166
19233
19257
19324
19348
20772
20839
20863
20930
20954
21021
21045
21112
21136
22560
22627
22651
22718
22742
22809
22833
22900
22924
24348
24415
24439
24506
24530
24597
24621
24688
24712
26136
26203
26227
26294
26318
26385
26409
26476
26500
27924
27991
28015
28082
28106
28173
28197
28264
28288
29712
29779
29803
29870
29894
29961
29985
30052
30076
31500
31567
31591
31658
31682
31749
31773
31840
31864
33288
33355
33379
33446
33470
33537
33561
33628
33652
35076
35143
35167
35234
35258
35325
35349
35416
35440
36864
36931
36955
37022
37046
37113
37137
37204
37228
38652
38719
38743
38810
38834
38901
38925
38992
39016
40440
40507
40531
40598
40622
40689
40713
40780
40804
42228
42295
42319
42386
42410
42477
42501
42568
42592
44016
44083
44107
44174
44198
44265
44289
44356
44380
45804
45871
45895
45962
45986
46053
46077
46144
46168
47592
47659
47683
47750
47774
47841
47865
47932
47956
49380
49447
49471
49538
49562
49629
49653
49720
49744
51168
51235
51259
51326
51350
51417
51441
51508
51532
52956
53023
53047
53114
53138
53205
53229
53296
53320
54744
54811
54835
54902
54926
54993
55017
55084
55108
57878
57945
57969
58036
58060
58127
58151
58218
58242
58608
58675
58699
58766
58790
58857
58881
58948
58972
60396
60463
60487
60554
60578
60645
60669
60736
60760
62184
62251
62275
62342
62366
62433
62457
62524
62548
63972
64039
64063
64130
64154
64221
64245
64312
64336
65760
65827
65851
65918
65942
66009
66033
66100
66124
67548
67615
67639
67706
67730
67797
67821
67888
67912
69336
69403
69427
69494
69518
69585
69609
69676
69700
71124
71191
71215
71282
71306
71373
71397
71464
71488
72912
72979
73003
73070
73094
73161
73185
73252
73276
74700
74767
74791
74858
74882
74949
74973
75040
75064
76488
76555
76579
76646
76670
76737
76761
76828
76852
78276
78343
78367
78434
78458
78525
78549
78616
78640
80064
80131
80155
80222
80246
80313
80337
80404
80428
81852
81919
81943
82010
82034
82101
82125
82192
82216
83640
83707
83731
83798
83822
83889
83913
83980
84004
85428
85495
85519
85586
85610
85677
85701
85768
85792
87216
87283
87307
87374
87398
87465
87489
87556
87580
89004
89071
89095
89162
89186
89253
89277
89344
89368
90792
90859
90883
90950
90974
91041
91065
91132
91156
92580
92647
92671
92738
92762
92829
92853
92920
92944
94368
94435
94459
94526
94550
94617
94641
94708
94732
96156
96223
96247
96314
96338
96405
96429
96496
96520
97944
98011
98035
98102
98126
98193
98217
98284
98308
99732
99799
99823
99890
99914
99981
100005
100072
100096
101520
101587
101611
101678
101702
101769
101793
101860
101884
103308
103375
103399
103466
103490
103557
103581
103648
103672
105096
105163
105187
105254
105278
105345
105369
105436
105460
106884
106951
106975
107042
107066
107133
107157
107224
107248
108672
108739
108763
108830
108854
108921
108945
109012
109036
110460
110527
110551
110618
110642
110709
110733
110800
110824
112248
112315
112339
112406
112430
112497
112521
112588
112612
350
805
1080
1535
2868
3323
4656
5111
6444
6899
8232
8687
10020
10475
11808
12263
13596
14051
15384
15839
17172
17627
18960
19415
20748
21203
22536
22991
24324
24779
26112
26567
27900
28355
29688
30143
31476
31931
33264
33719
35052
35507
36840
37295
38628
39083
40416
40871
42204
42659
43992
44447
45780
46235
47568
48023
49356
49811
51144
51599
52932
53387
54720
55175
57854
58309
58584
59039
60372
60827
62160
62615
63948
64403
65736
66191
67524
67979
69312
69767
71100
71555
72888
73343
74676
75131
76464
76919
78252
78707
80040
80495
81828
82283
83616
84071
85404
85859
87192
87647
88980
89435
90768
91223
92556
93011
94344
94799
96132
96587
97920
98375
99708
100163
101496
101951
103284
103739
105072
105527
106860
107315
108648
109103
110436
110891
112224
112679
283
829
1013
1559
2801
3347
4589
5135
6377
6923
8165
8711
9953
10499
11741
12287
13529
14075
15317
15863
17105
17651
18893
19439
20681
21227
22469
23015
24257
24803
26045
26591
27833
28379
29621
30167
31409
31955
33197
33743
34985
35531
36773
37319
38561
39107
40349
40895
42137
42683
43925
44471
45713
46259
47501
48047
49289
49835
51077
51623
52865
53411
54653
55199
57787
58333
58517
59063
60305
60851
62093
62639
63881
64427
65669
66215
67457
68003
69245
69791
71033
71579
72821
73367
74609
75155
76397
76943
78185
78731
79973
80519
81761
82307
83549
84095
85337
85883
87125
87671
88913
89459
90701
91247
92489
93035
94277
94823
96065
96611
97853
98399
99641
100187
101429
101975
103217
103763
105005
105551
106793
107339
108581
109127
110369
110915
112157
112703
1916
2048
2180
2312
2444
3704
3836
3968
4100
4232
5492
5624
5756
5888
6020
7280
7412
7544
7676
7808
9068
9200
9332
9464
9596
10856
10988
11120
11252
11384
12644
12776
12908
13040
13172
14432
14564
14696
14828
14960
16220
16352
16484
16616
16748
18008
18140
18272
18404
18536
19796
19928
20060
20192
20324
21584
21716
21848
21980
22112
23372
23504
23636
23768
23900
25160
25292
25424
25556
25688
26948
27080
27212
27344
27476
28736
28868
29000
29132
29264
30524
30656
30788
30920
31052
32312
32444
32576
32708
32840
34100
34232
34364
34496
34628
35888
36020
36152
36284
36416
37676
37808
37940
38072
38204
39464
39596
39728
39860
39992
41252
41384
41516
41648
41780
43040
43172
43304
43436
43568
44828
44960
45092
45224
45356
46616
46748
46880
47012
47144
48404
48536
48668
48800
48932
50192
50324
50456
50588
50720
51980
52112
52244
52376
52508
53768
53900
54032
54164
54296
55556
55688
55820
55952
56084
56614
56746
56878
57010
57142
59420
59552
59684
59816
59948
61208
61340
61472
61604
61736
62996
63128
63260
63392
63524
64784
64916
65048
65180
65312
66572
66704
66836
66968
67100
68360
68492
68624
68756
68888
70148
70280
70412
70544
70676
71936
72068
72200
72332
72464
73724
73856
73988
74120
74252
75512
75644
75776
75908
76040
77300
77432
77564
77696
77828
79088
79220
79352
79484
79616
80876
81008
81140
81272
81404
82664
82796
82928
83060
83192
84452
84584
84716
84848
84980
86240
86372
86504
86636
86768
88028
88160
88292
88424
88556
89816
89948
90080
90212
90344
91604
91736
91868
92000
92132
93392
93524
93656
93788
93920
95180
95312
95444
95576
95708
96968
97100
97232
97364
97496
98756
98888
99020
99152
99284
100544
100676
100808
100940
101072
102332
102464
102596
102728
102860
104120
104252
104384
104516
104648
105908
106040
106172
106304
106436
107696
107828
107960
108092
108224
109484
109616
109748
109880
110012
111272
111404
111536
111668
111800
113060
113192
113324
113456
113588
114118
114250
114382
114514
114646
1962
2094
2226
2358
3750
3882
4014
4146
5538
5670
5802
5934
7326
7458
7590
7722
9114
9246
9378
9510
10902
11034
11166
11298
12690
12822
12954
13086
14478
14610
14742
14874
16266
16398
16530
16662
18054
18186
18318
18450
19842
19974
20106
20238
21630
21762
21894
22026
23418
23550
23682
23814
25206
25338
25470
25602
26994
27126
27258
27390
28782
28914
29046
29178
30570
30702
30834
30966
32358
32490
32622
32754
34146
34278
34410
34542
35934
36066
36198
36330
37722
37854
37986
38118
39510
39642
39774
39906
41298
41430
41562
41694
43086
43218
43350
43482
44874
45006
45138
45270
46662
46794
46926
47058
48450
48582
48714
48846
50238
50370
50502
50634
52026
52158
52290
52422
53814
53946
54078
54210
55602
55734
55866
55998
56660
56792
56924
57056
59466
59598
59730
59862
61254
61386
61518
61650
63042
63174
63306
63438
64830
64962
65094
65226
66618
66750
66882
67014
68406
68538
68670
68802
70194
70326
70458
70590
71982
72114
72246
72378
73770
73902
74034
74166
75558
75690
75822
75954
77346
77478
77610
77742
79134
79266
79398
79530
80922
81054
81186
81318
82710
82842
82974
83106
84498
84630
84762
84894
86286
86418
86550
86682
88074
88206
88338
88470
89862
89994
90126
90258
91650
91782
91914
92046
93438
93570
93702
93834
95226
95358
95490
95622
97014
97146
97278
97410
98802
98934
99066
99198
100590
100722
100854
100986
102378
102510
102642
102774
104166
104298
104430
104562
105954
106086
106218
106350
107742
107874
108006
108138
109530
109662
109794
109926
111318
111450
111582
111714
113106
113238
113370
113502
114164
114296
114428
114560
2490
4278
6066
7854
9642
11430
13218
15006
16794
18582
20370
22158
23946
25734
27522
29310
31098
32886
34674
36462
38250
40038
41826
43614
45402
47190
48978
50766
52554
54342
56130
57188
59994
61782
63570
65358
67146
68934
70722
72510
74298
76086
77874
79662
81450
83238
85026
86814
88602
90390
92178
93966
95754
97542
99330
101118
102906
104694
106482
108270
110058
111846
113634
114692
1830
3618
5406
7194
8982
10770
12558
14346
16134
17922
19710
21498
23286
25074
26862
28650
30438
32226
34014
35802
37590
39378
41166
42954
44742
46530
48318
50106
51894
53682
55470
56528
59334
61122
62910
64698
66486
68274
70062
71850
73638
75426
77214
79002
80790
82578
84366
86154
87942
89730
91518
93306
95094
96882
98670
100458
102246
104034
105822
107610
109398
111186
112974
114032
2576
4364
6152
7940
9728
11516
13304
15092
16880
18668
20456
22244
24032
25820
27608
29396
31184
32972
34760
36548
38336
40124
41912
43700
45488
47276
49064
50852
52640
54428
56216
57274
60080
61868
63656
65444
67232
69020
70808
72596
74384
76172
77960
79748
81536
83324
85112
86900
88688
90476
92264
94052
95840
97628
99416
101204
102992
104780
106568
108356
110144
111932
113720
114778
1784
3572
5360
7148
8936
10724
12512
14300
16088
17876
19664
21452
23240
25028
26816
28604
30392
32180
33968
35756
37544
39332
41120
42908
44696
46484
48272
50060
51848
53636
55424
56482
59288
61076
62864
64652
66440
68228
70016
71804
73592
75380
77168
78956
80744
82532
84320
86108
87896
89684
91472
93260
95048
96836
98624
100412
102200
103988
105776
107564
109352
111140
112928
113986
115190
115257
115281
115348
115372
115439
115463
115530
115554
115919
115986
116010
116077
116101
116168
116192
116259
116283
116648
116715
116739
116806
116830
116897
116921
116988
117012
117377
117444
117468
117535
117559
117626
117650
117717
117741
118106
118173
118197
118264
118288
118355
118379
118446
118470
118835
118902
118926
118993
119017
119084
119108
119175
119199
119564
119631
119655
119722
119746
119813
119837
119904
119928
120293
120360
120384
120451
120475
120542
120566
120633
120657
121022
121089
121113
121180
121204
121271
121295
121362
121386
121751
121818
121842
121909
121933
122000
122024
122091
122115
122480
122547
122571
122638
122662
122729
122753
122820
122844
123209
123276
123300
123367
123391
123458
123482
123549
123573
123938
124005
124029
124096
124120
124187
124211
124278
124302
124667
124734
124758
124825
124849
124916
124940
125007
125031
125396
125463
125487
125554
125578
125645
125669
125736
125760
126125
126192
126216
126283
126307
126374
126398
126465
126489
126854
126921
126945
127012
127036
127103
127127
127194
127218
127583
127650
127674
127741
127765
127832
127856
127923
127947
128312
128379
128403
128470
128494
128561
128585
128652
128676
129041
129108
129132
129199
129223
129290
129314
129381
129405
129770
129837
129861
129928
129952
130019
130043
130110
130134
130499
130566
130590
130657
130681
130748
130772
130839
130863
131228
131295
131319
131386
131410
131477
131501
131568
131592
131957
132024
132048
132115
132139
132206
132230
132297
132321
132686
132753
132777
132844
132868
132935
132959
133026
133050
133415
133482
133506
133573
133597
133664
133688
133755
133779
134144
134211
134235
134302
134326
134393
134417
134484
134508
134873
134940
134964
135031
135055
135122
135146
135213
135237
135602
135669
135693
135760
135784
135851
135875
135942
135966
136331
136398
136422
136489
136513
136580
136604
136671
136695
137060
137127
137151
137218
137242
137309
137333
137400
137424
137789
137856
137880
137947
137971
138038
138062
138129
138153
138518
138585
138609
138676
138700
138767
138791
138858
138882
139247
139314
139338
139405
139429
139496
139520
139587
139611
139976
140043
140067
140134
140158
140225
140249
140316
140340
140705
140772
140796
140863
140887
140954
140978
141045
141069
141434
141501
141525
141592
141616
141683
141707
141774
141798
142163
142230
142254
142321
142345
142412
142436
142503
142527
142892
142959
142983
143050
143074
143141
143165
143232
143256
143621
143688
143712
143779
143803
143870
143894
143961
143985
144350
144417
144441
144508
144532
144599
144623
144690
144714
145079
145146
145170
145237
145261
145328
145352
145419
145443
145808
145875
145899
145966
145990
146057
146081
146148
146172
146537
146604
146628
146695
146719
146786
146810
146877
146901
147266
147333
147357
147424
147448
147515
147539
147606
147630
147995
148062
148086
148153
148177
148244
148268
148335
148359
148724
148791
148815
148882
148906
148973
148997
149064
149088
149453
149520
149544
149611
149635
149702
149726
149793
149817
150182
150249
150273
150340
150364
150431
150455
150522
150546
150911
150978
151002
151069
151093
151160
151184
151251
151275
151640
151707
151731
151798
151822
151889
151913
151980
152004
152369
152436
152460
152527
152551
152618
152642
152709
152733
153098
153165
153189
153256
153280
153347
153371
153438
153462
153827
153894
153918
153985
154009
154076
154100
154167
154191
154556
154623
154647
154714
154738
154805
154829
154896
154920
155285
155352
155376
155443
155467
155534
155558
155625
155649
156014
156081
156105
156172
156196
156263
156287
156354
156378
156743
156810
156834
156901
156925
156992
157016
157083
157107
157472
157539
157563
157630
157654
157721
157745
157812
157836
158201
158268
158292
158359
158383
158450
158474
158541
158565
158930
158997
159021
159088
159112
159179
159203
159270
159294
159659
159726
159750
159817
159841
159908
159932
159999
160023
160388
160455
160479
160546
160570
160637
160661
160728
160752
161117
161184
161208
161275
161299
161366
161390
161457
161481
115166
115621
115895
116350
116624
117079
117353
117808
118082
118537
118811
119266
119540
119995
120269
120724
120998
121453
121727
122182
122456
122911
123185
123640
123914
124369
124643
125098
125372
125827
126101
126556
126830
127285
127559
128014
128288
128743
129017
129472
129746
130201
130475
130930
131204
131659
131933
132388
132662
133117
133391
133846
134120
134575
134849
135304
135578
136033
136307
136762
137036
137491
137765
138220
138494
138949
139223
139678
139952
140407
140681
141136
141410
141865
142139
142594
142868
143323
143597
144052
144326
144781
145055
145510
145784
146239
146513
146968
147242
147697
147971
148426
148700
149155
149429
149884
150158
150613
150887
151342
151616
152071
152345
152800
153074
153529
153803
154258
154532
154987
155261
155716
155990
156445
156719
157174
157448
157903
158177
158632
158906
159361
159635
160090
160364
160819
161093
161548
259
896
989
1626
2777
3414
4565
5202
6353
6990
8141
8778
9929
10566
11717
12354
13505
14142
15293
15930
17081
17718
18869
19506
20657
21294
22445
23082
24233
24870
26021
26658
27809
28446
29597
30234
31385
32022
33173
33810
34961
35598
36749
37386
38537
39174
40325
40962
42113
42750
43901
44538
45689
46326
47477
48114
49265
49902
51053
51690
52841
53478
54629
55266
57763
58400
58493
59130
60281
60918
62069
62706
63857
64494
65645
66282
67433
68070
69221
69858
71009
71646
72797
73434
74585
75222
76373
77010
78161
78798
79949
80586
81737
82374
83525
84162
85313
85950
87101
87738
88889
89526
90677
91314
92465
93102
94253
94890
96041
96678
97829
98466
99617
100254
101405
102042
103193
103830
104981
105618
106769
107406
108557
109194
110345
110982
112133
112770
115099
115645
115828
116374
116557
117103
117286
117832
118015
118561
118744
119290
119473
120019
120202
120748
120931
121477
121660
122206
122389
122935
123118
123664
123847
124393
124576
125122
125305
125851
126034
126580
126763
127309
127492
128038
128221
128767
128950
129496
129679
130225
130408
130954
131137
131683
131866
132412
132595
133141
133324
133870
134053
134599
134782
135328
135511
136057
136240
136786
136969
137515
137698
138244
138427
138973
139156
139702
139885
140431
140614
141160
141343
141889
142072
142618
142801
143347
143530
144076
144259
144805
144988
145534
145717
146263
146446
146992
147175
147721
147904
148450
148633
149179
149362
149908
150091
150637
150820
151366
151549
152095
152278
152824
153007
153553
153736
154282
154465
155011
155194
155740
155923
156469
156652
157198
157381
157927
158110
158656
158839
159385
159568
160114
160297
160843
161026
161572
351
375
442
466
533
557
624
648
715
739
806
830
897
1081
1105
1172
1196
1263
1287
1354
1378
1445
1469
1536
1560
1627
2622
2869
2893
2960
2984
3051
3075
3142
3166
3233
3257
3324
3348
3415
4410
4657
4681
4748
4772
4839
4863
4930
4954
5021
5045
5112
5136
5203
6198
6445
6469
6536
6560
6627
6651
6718
6742
6809
6833
6900
6924
6991
7986
8233
8257
8324
8348
8415
8439
8506
8530
8597
8621
8688
8712
8779
9774
10021
10045
10112
10136
10203
10227
10294
10318
10385
10409
10476
10500
10567
11562
11809
11833
11900
11924
11991
12015
12082
12106
12173
12197
12264
12288
12355
13350
13597
13621
13688
13712
13779
13803
13870
13894
13961
13985
14052
14076
14143
15138
15385
15409
15476
15500
15567
15591
15658
15682
15749
15773
15840
15864
15931
16926
17173
17197
17264
17288
17355
17379
17446
17470
17537
17561
17628
17652
17719
18714
18961
18985
19052
19076
19143
19167
19234
19258
19325
19349
19416
19440
19507
20502
20749
20773
20840
20864
20931
20955
21022
21046
21113
21137
21204
21228
21295
22290
22537
22561
22628
22652
22719
22743
22810
22834
22901
22925
22992
23016
23083
24078
24325
24349
24416
24440
24507
24531
24598
24622
24689
24713
24780
24804
24871
25866
26113
26137
26204
26228
26295
26319
26386
26410
26477
26501
26568
26592
26659
27654
27901
27925
27992
28016
28083
28107
28174
28198
28265
28289
28356
28380
28447
29442
29689
29713
29780
29804
29871
29895
29962
29986
30053
30077
30144
30168
30235
31230
31477
31501
31568
31592
31659
31683
31750
31774
31841
31865
31932
31956
32023
33018
33265
33289
33356
33380
33447
33471
33538
33562
33629
33653
33720
33744
33811
34806
35053
35077
35144
35168
35235
35259
35326
35350
35417
35441
35508
35532
35599
36594
36841
36865
36932
36956
37023
37047
37114
37138
37205
37229
37296
37320
37387
38382
38629
38653
38720
38744
38811
38835
38902
38926
38993
39017
39084
39108
39175
40170
40417
40441
40508
40532
40599
40623
40690
40714
40781
40805
40872
40896
40963
41958
42205
42229
42296
42320
42387
42411
42478
42502
42569
42593
42660
42684
42751
43746
43993
44017
44084
44108
44175
44199
44266
44290
44357
44381
44448
44472
44539
45534
45781
45805
45872
45896
45963
45987
46054
46078
46145
46169
46236
46260
46327
47322
47569
47593
47660
47684
47751
47775
47842
47866
47933
47957
48024
48048
48115
49110
49357
49381
49448
49472
49539
49563
49630
49654
49721
49745
49812
49836
49903
50898
51145
51169
51236
51260
51327
51351
51418
51442
51509
51533
51600
51624
51691
52686
52933
52957
53024
53048
53115
53139
53206
53230
53297
53321
53388
53412
53479
54474
54721
54745
54812
54836
54903
54927
54994
55018
55085
55109
55176
55200
55267
56262
57320
57855
57879
57946
57970
58037
58061
58128
58152
58219
58243
58310
58334
58401
58585
58609
58676
58700
58767
58791
58858
58882
58949
58973
59040
59064
59131
60126
60373
60397
60464
60488
60555
60579
60646
60670
60737
60761
60828
60852
60919
61914
62161
62185
62252
62276
62343
62367
62434
62458
62525
62549
62616
62640
62707
63702
63949
63973
64040
64064
64131
64155
64222
64246
64313
64337
64404
64428
64495
65490
65737
65761
65828
65852
65919
65943
66010
66034
66101
66125
66192
66216
66283
67278
67525
67549
67616
67640
67707
67731
67798
67822
67889
67913
67980
68004
68071
69066
69313
69337
69404
69428
69495
69519
69586
69610
69677
69701
69768
69792
69859
70854
71101
71125
71192
71216
71283
71307
71374
71398
71465
71489
71556
71580
71647
72642
72889
72913
72980
73004
73071
73095
73162
73186
73253
73277
73344
73368
73435
74430
74677
74701
74768
74792
74859
74883
74950
74974
75041
75065
75132
75156
75223
76218
76465
76489
76556
76580
76647
76671
76738
76762
76829
76853
76920
76944
77011
78006
78253
78277
78344
78368
78435
78459
78526
78550
78617
78641
78708
78732
78799
79794
80041
80065
80132
80156
80223
80247
80314
80338
80405
80429
80496
80520
80587
81582
81829
81853
81920
81944
82011
82035
82102
82126
82193
82217
82284
82308
82375
83370
83617
83641
83708
83732
83799
83823
83890
83914
83981
84005
84072
84096
84163
85158
85405
85429
85496
85520
85587
85611
85678
85702
85769
85793
85860
85884
85951
86946
87193
87217
87284
87308
87375
87399
87466
87490
87557
87581
87648
87672
87739
88734
88981
89005
89072
89096
89163
89187
89254
89278
89345
89369
89436
89460
89527
90522
90769
90793
90860
90884
90951
90975
91042
91066
91133
91157
91224
91248
91315
92310
92557
92581
92648
92672
92739
92763
92830
92854
92921
92945
93012
93036
93103
94098
94345
94369
94436
94460
94527
94551
94618
94642
94709
94733
94800
94824
94891
95886
96133
96157
96224
96248
96315
96339
96406
96430
96497
96521
96588
96612
96679
97674
97921
97945
98012
98036
98103
98127
98194
98218
98285
98309
98376
98400
98467
99462
99709
99733
99800
99824
99891
99915
99982
100006
100073
100097
100164
100188
100255
101250
101497
101521
101588
101612
101679
101703
101770
101794
101861
101885
101952
101976
102043
103038
103285
103309
103376
103400
103467
103491
103558
103582
103649
103673
103740
103764
103831
104826
105073
105097
105164
105188
105255
105279
105346
105370
105437
105461
105528
105552
105619
106614
106861
106885
106952
106976
107043
107067
107134
107158
107225
107249
107316
107340
107407
108402
108649
108673
108740
108764
108831
108855
108922
108946
109013
109037
109104
109128
109195
110190
110437
110461
110528
110552
110619
110643
110710
110734
110801
110825
110892
110916
110983
111978
112225
112249
112316
112340
112407
112431
112498
112522
112589
112613
112680
112704
112771
113766
114824
284
1014
2802
4590
6378
8166
9954
11742
13530
15318
17106
18894
20682
22470
24258
26046
27834
29622
31410
33198
34986
36774
38562
40350
42138
43926
45714
47502
49290
51078
52866
54654
57788
58518
60306
62094
63882
65670
67458
69246
71034
72822
74610
76398
78186
79974
81762
83550
85338
87126
88914
90702
92490
94278
96066
97854
99642
101430
103218
105006
106794
108582
110370
112158
1698
3486
5274
7062
8850
10638
12426
14214
16002
17790
19578
21366
23154
24942
26730
28518
30306
32094
33882
35670
37458
39246
41034
42822
44610
46398
48186
49974
51762
53550
55338
56396
59202
60990
62778
64566
66354
68142
69930
71718
73506
75294
77082
78870
80658
82446
84234
86022
87810
89598
91386
93174
94962
96750
98538
100326
102114
103902
105690
107478
109266
111054
112842
113900
273
364
455
546
637
728
819
910
1003
1094
1185
1276
1367
1458
1549
1640
2791
2882
2973
3064
3155
3246
3337
3428
4579
4670
4761
4852
4943
5034
5125
5216
6367
6458
6549
6640
6731
6822
6913
7004
8155
8246
8337
8428
8519
8610
8701
8792
9943
10034
10125
10216
10307
10398
10489
10580
11731
11822
11913
12004
12095
12186
12277
12368
13519
13610
13701
13792
13883
13974
14065
14156
15307
15398
15489
15580
15671
15762
15853
15944
17095
17186
17277
17368
17459
17550
17641
17732
18883
18974
19065
19156
19247
19338
19429
19520
20671
20762
20853
20944
21035
21126
21217
21308
22459
22550
22641
22732
22823
22914
23005
23096
24247
24338
24429
24520
24611
24702
24793
24884
26035
26126
26217
26308
26399
26490
26581
26672
27823
27914
28005
28096
28187
28278
28369
28460
29611
29702
29793
29884
29975
30066
30157
30248
31399
31490
31581
31672
31763
31854
31945
32036
33187
33278
33369
33460
33551
33642
33733
33824
34975
35066
35157
35248
35339
35430
35521
35612
36763
36854
36945
37036
37127
37218
37309
37400
38551
38642
38733
38824
38915
39006
39097
39188
40339
40430
40521
40612
40703
40794
40885
40976
42127
42218
42309
42400
42491
42582
42673
42764
43915
44006
44097
44188
44279
44370
44461
44552
45703
45794
45885
45976
46067
46158
46249
46340
47491
47582
47673
47764
47855
47946
48037
48128
49279
49370
49461
49552
49643
49734
49825
49916
51067
51158
51249
51340
51431
51522
51613
51704
52855
52946
53037
53128
53219
53310
53401
53492
54643
54734
54825
54916
55007
55098
55189
55280
57777
57868
57959
58050
58141
58232
58323
58414
58507
58598
58689
58780
58871
58962
59053
59144
60295
60386
60477
60568
60659
60750
60841
60932
62083
62174
62265
62356
62447
62538
62629
62720
63871
63962
64053
64144
64235
64326
64417
64508
65659
65750
65841
65932
66023
66114
66205
66296
67447
67538
67629
67720
67811
67902
67993
68084
69235
69326
69417
69508
69599
69690
69781
69872
71023
71114
71205
71296
71387
71478
71569
71660
72811
72902
72993
73084
73175
73266
73357
73448
74599
74690
74781
74872
74963
75054
75145
75236
76387
76478
76569
76660
76751
76842
76933
77024
78175
78266
78357
78448
78539
78630
78721
78812
79963
80054
80145
80236
80327
80418
80509
80600
81751
81842
81933
82024
82115
82206
82297
82388
83539
83630
83721
83812
83903
83994
84085
84176
85327
85418
85509
85600
85691
85782
85873
85964
87115
87206
87297
87388
87479
87570
87661
87752
88903
88994
89085
89176
89267
89358
89449
89540
90691
90782
90873
90964
91055
91146
91237
91328
92479
92570
92661
92752
92843
92934
93025
93116
94267
94358
94449
94540
94631
94722
94813
94904
96055
96146
96237
96328
96419
96510
96601
96692
97843
97934
98025
98116
98207
98298
98389
98480
99631
99722
99813
99904
99995
100086
100177
100268
101419
101510
101601
101692
101783
101874
101965
102056
103207
103298
103389
103480
103571
103662
103753
103844
104995
105086
105177
105268
105359
105450
105541
105632
106783
106874
106965
107056
107147
107238
107329
107420
108571
108662
108753
108844
108935
109026
109117
109208
110359
110450
110541
110632
110723
110814
110905
110996
112147
112238
112329
112420
112511
112602
112693
112784
115075
115712
115804
116441
116533
117170
117262
117899
117991
118628
118720
119357
119449
120086
120178
120815
120907
121544
121636
122273
122365
123002
123094
123731
123823
124460
124552
125189
125281
125918
126010
126647
126739
127376
127468
128105
128197
128834
128926
129563
129655
130292
130384
131021
131113
131750
131842
132479
132571
133208
133300
133937
134029
134666
134758
135395
135487
136124
136216
136853
136945
137582
137674
138311
138403
139040
139132
139769
139861
140498
140590
141227
141319
141956
142048
142685
142777
143414
143506
144143
144235
144872
144964
145601
145693
146330
146422
147059
147151
147788
147880
148517
148609
149246
149338
149975
150067
150704
150796
151433
151525
152162
152254
152891
152983
153620
153712
154349
154441
155078
155170
155807
155899
156536
156628
157265
157357
157994
158086
158723
158815
159452
159544
160181
160273
160910
161002
161639
1754
1886
2018
2150
2282
2414
2546
2678
3542
3674
3806
3938
4070
4202
4334
4466
5330
5462
5594
5726
5858
5990
6122
6254
7118
7250
7382
7514
7646
7778
7910
8042
8906
9038
9170
9302
9434
9566
9698
9830
10694
10826
10958
11090
11222
11354
11486
11618
12482
12614
12746
12878
13010
13142
13274
13406
14270
14402
14534
14666
14798
14930
15062
15194
16058
16190
16322
16454
16586
16718
16850
16982
17846
17978
18110
18242
18374
18506
18638
18770
19634
19766
19898
20030
20162
20294
20426
20558
21422
21554
21686
21818
21950
22082
22214
22346
23210
23342
23474
23606
23738
23870
24002
24134
24998
25130
25262
25394
25526
25658
25790
25922
26786
26918
27050
27182
27314
27446
27578
27710
28574
28706
28838
28970
29102
29234
29366
29498
30362
30494
30626
30758
30890
31022
31154
31286
32150
32282
32414
32546
32678
32810
32942
33074
33938
34070
34202
34334
34466
34598
34730
34862
35726
35858
35990
36122
36254
36386
36518
36650
37514
37646
37778
37910
38042
38174
38306
38438
39302
39434
39566
39698
39830
39962
40094
40226
41090
41222
41354
41486
41618
41750
41882
42014
42878
43010
43142
43274
43406
43538
43670
43802
44666
44798
44930
45062
45194
45326
45458
45590
46454
46586
46718
46850
46982
47114
47246
47378
48242
48374
48506
48638
48770
48902
49034
49166
50030
50162
50294
50426
50558
50690
50822
50954
51818
51950
52082
52214
52346
52478
52610
52742
53606
53738
53870
54002
54134
54266
54398
54530
55394
55526
55658
55790
55922
56054
56186
56318
56452
56584
56716
56848
56980
57112
57244
57376
59258
59390
59522
59654
59786
59918
60050
60182
61046
61178
61310
61442
61574
61706
61838
61970
62834
62966
63098
63230
63362
63494
63626
63758
64622
64754
64886
65018
65150
65282
65414
65546
66410
66542
66674
66806
66938
67070
67202
67334
68198
68330
68462
68594
68726
68858
68990
69122
69986
70118
70250
70382
70514
70646
70778
70910
71774
71906
72038
72170
72302
72434
72566
72698
73562
73694
73826
73958
74090
74222
74354
74486
75350
75482
75614
75746
75878
76010
76142
76274
77138
77270
77402
77534
77666
77798
77930
78062
78926
79058
79190
79322
79454
79586
79718
79850
80714
80846
80978
81110
81242
81374
81506
81638
82502
82634
82766
82898
83030
83162
83294
83426
84290
84422
84554
84686
84818
84950
85082
85214
86078
86210
86342
86474
86606
86738
86870
87002
87866
87998
88130
88262
88394
88526
88658
88790
89654
89786
89918
90050
90182
90314
90446
90578
91442
91574
91706
91838
91970
92102
92234
92366
93230
93362
93494
93626
93758
93890
94022
94154
95018
95150
95282
95414
95546
95678
95810
95942
96806
96938
97070
97202
97334
97466
97598
97730
98594
98726
98858
98990
99122
99254
99386
99518
100382
100514
100646
100778
100910
101042
101174
101306
102170
102302
102434
102566
102698
102830
102962
103094
103958
104090
104222
104354
104486
104618
104750
104882
105746
105878
106010
106142
106274
106406
106538
106670
107534
107666
107798
107930
108062
108194
108326
108458
109322
109454
109586
109718
109850
109982
110114
110246
111110
111242
111374
111506
111638
111770
111902
112034
112898
113030
113162
113294
113426
113558
113690
113822
113956
114088
114220
114352
114484
114616
114748
114880
207
298
389
480
571
662
753
844
937
1028
1119
1210
1301
1392
1483
1574
2725
2816
2907
2998
3089
3180
3271
3362
4513
4604
4695
4786
4877
4968
5059
5150
6301
6392
6483
6574
6665
6756
6847
6938
8089
8180
8271
8362
8453
8544
8635
8726
9877
9968
10059
10150
10241
10332
10423
10514
11665
11756
11847
11938
12029
12120
12211
12302
13453
13544
13635
13726
13817
13908
13999
14090
15241
15332
15423
15514
15605
15696
15787
15878
17029
17120
17211
17302
17393
17484
17575
17666
18817
18908
18999
19090
19181
19272
19363
19454
20605
20696
20787
20878
20969
21060
21151
21242
22393
22484
22575
22666
22757
22848
22939
23030
24181
24272
24363
24454
24545
24636
24727
24818
25969
26060
26151
26242
26333
26424
26515
26606
27757
27848
27939
28030
28121
28212
28303
28394
29545
29636
29727
29818
29909
30000
30091
30182
31333
31424
31515
31606
31697
31788
31879
31970
33121
33212
33303
33394
33485
33576
33667
33758
34909
35000
35091
35182
35273
35364
35455
35546
36697
36788
36879
36970
37061
37152
37243
37334
38485
38576
38667
38758
38849
38940
39031
39122
40273
40364
40455
40546
40637
40728
40819
40910
42061
42152
42243
42334
42425
42516
42607
42698
43849
43940
44031
44122
44213
44304
44395
44486
45637
45728
45819
45910
46001
46092
46183
46274
47425
47516
47607
47698
47789
47880
47971
48062
49213
49304
49395
49486
49577
49668
49759
49850
51001
51092
51183
51274
51365
51456
51547
51638
52789
52880
52971
53062
53153
53244
53335
53426
54577
54668
54759
54850
54941
55032
55123
55214
57711
57802
57893
57984
58075
58166
58257
58348
58441
58532
58623
58714
58805
58896
58987
59078
60229
60320
60411
60502
60593
60684
60775
60866
62017
62108
62199
62290
62381
62472
62563
62654
63805
63896
63987
64078
64169
64260
64351
64442
65593
65684
65775
65866
65957
66048
66139
66230
67381
67472
67563
67654
67745
67836
67927
68018
69169
69260
69351
69442
69533
69624
69715
69806
70957
71048
71139
71230
71321
71412
71503
71594
72745
72836
72927
73018
73109
73200
73291
73382
74533
74624
74715
74806
74897
74988
75079
75170
76321
76412
76503
76594
76685
76776
76867
76958
78109
78200
78291
78382
78473
78564
78655
78746
79897
79988
80079
80170
80261
80352
80443
80534
81685
81776
81867
81958
82049
82140
82231
82322
83473
83564
83655
83746
83837
83928
84019
84110
85261
85352
85443
85534
85625
85716
85807
85898
87049
87140
87231
87322
87413
87504
87595
87686
88837
88928
89019
89110
89201
89292
89383
89474
90625
90716
90807
90898
90989
91080
91171
91262
92413
92504
92595
92686
92777
92868
92959
93050
94201
94292
94383
94474
94565
94656
94747
94838
95989
96080
96171
96262
96353
96444
96535
96626
97777
97868
97959
98050
98141
98232
98323
98414
99565
99656
99747
99838
99929
100020
100111
100202
101353
101444
101535
101626
101717
101808
101899
101990
103141
103232
103323
103414
103505
103596
103687
103778
104929
105020
105111
105202
105293
105384
105475
105566
106717
106808
106899
106990
107081
107172
107263
107354
108505
108596
108687
108778
108869
108960
109051
109142
110293
110384
110475
110566
110657
110748
110839
110930
112081
112172
112263
112354
112445
112536
112627
112718
115023
115114
115205
115296
115387
115478
115569
115660
115752
115843
115934
116025
116116
116207
116298
116389
116481
116572
116663
116754
116845
116936
117027
117118
117210
117301
117392
117483
117574
117665
117756
117847
117939
118030
118121
118212
118303
118394
118485
118576
118668
118759
118850
118941
119032
119123
119214
119305
119397
119488
119579
119670
119761
119852
119943
120034
120126
120217
120308
120399
120490
120581
120672
120763
120855
120946
121037
121128
121219
121310
121401
121492
121584
121675
121766
121857
121948
122039
122130
122221
122313
122404
122495
122586
122677
122768
122859
122950
123042
123133
123224
123315
123406
123497
123588
123679
123771
123862
123953
124044
124135
124226
124317
124408
124500
124591
124682
124773
124864
124955
125046
125137
125229
125320
125411
125502
125593
125684
125775
125866
125958
126049
126140
126231
126322
126413
126504
126595
126687
126778
126869
126960
127051
127142
127233
127324
127416
127507
127598
127689
127780
127871
127962
128053
128145
128236
128327
128418
128509
128600
128691
128782
128874
128965
129056
129147
129238
129329
129420
129511
129603
129694
129785
129876
129967
130058
130149
130240
130332
130423
130514
130605
130696
130787
130878
130969
131061
131152
131243
131334
131425
131516
131607
131698
131790
131881
131972
132063
132154
132245
132336
132427
132519
132610
132701
132792
132883
132974
133065
133156
133248
133339
133430
133521
133612
133703
133794
133885
133977
134068
134159
134250
134341
134432
134523
134614
134706
134797
134888
134979
135070
135161
135252
135343
135435
135526
135617
135708
135799
135890
135981
136072
136164
136255
136346
136437
136528
136619
136710
136801
136893
136984
137075
137166
137257
137348
137439
137530
137622
137713
137804
137895
137986
138077
138168
138259
138351
138442
138533
138624
138715
138806
138897
138988
139080
139171
139262
139353
139444
139535
139626
139717
139809
139900
139991
140082
140173
140264
140355
140446
140538
140629
140720
140811
140902
140993
141084
141175
141267
141358
141449
141540
141631
141722
141813
141904
141996
142087
142178
142269
142360
142451
142542
142633
142725
142816
142907
142998
143089
143180
143271
143362
143454
143545
143636
143727
143818
143909
144000
144091
144183
144274
144365
144456
144547
144638
144729
144820
144912
145003
145094
145185
145276
145367
145458
145549
145641
145732
145823
145914
146005
146096
146187
146278
146370
146461
146552
146643
146734
146825
146916
147007
147099
147190
147281
147372
147463
147554
147645
147736
147828
147919
148010
148101
148192
148283
148374
148465
148557
148648
148739
148830
148921
149012
149103
149194
149286
149377
149468
149559
149650
149741
149832
149923
150015
150106
150197
150288
150379
150470
150561
150652
150744
150835
150926
151017
151108
151199
151290
151381
151473
151564
151655
151746
151837
151928
152019
152110
152202
152293
152384
152475
152566
152657
152748
152839
152931
153022
153113
153204
153295
153386
153477
153568
153660
153751
153842
153933
154024
154115
154206
154297
154389
154480
154571
154662
154753
154844
154935
155026
155118
155209
155300
155391
155482
155573
155664
155755
155847
155938
156029
156120
156211
156302
156393
156484
156576
156667
156758
156849
156940
157031
157122
157213
157305
157396
157487
157578
157669
157760
157851
157942
158034
158125
158216
158307
158398
158489
158580
158671
158763
158854
158945
159036
159127
159218
159309
159400
159492
159583
159674
159765
159856
159947
160038
160129
160221
160312
160403
160494
160585
160676
160767
160858
160950
161041
161132
161223
161314
161405
161496
161587
260
272
363
454
545
636
727
818
909
990
1002
1093
1184
1275
1366
1457
1548
1639
2778
2790
2881
2972
3063
3154
3245
3336
3427
4566
4578
4669
4760
4851
4942
5033
5124
5215
6354
6366
6457
6548
6639
6730
6821
6912
7003
8142
8154
8245
8336
8427
8518
8609
8700
8791
9930
9942
10033
10124
10215
10306
10397
10488
10579
11718
11730
11821
11912
12003
12094
12185
12276
12367
13506
13518
13609
13700
13791
13882
13973
14064
14155
15294
15306
15397
15488
15579
15670
15761
15852
15943
17082
17094
17185
17276
17367
17458
17549
17640
17731
18870
18882
18973
19064
19155
19246
19337
19428
19519
20658
20670
20761
20852
20943
21034
21125
21216
21307
22446
22458
22549
22640
22731
22822
22913
23004
23095
24234
24246
24337
24428
24519
24610
24701
24792
24883
26022
26034
26125
26216
26307
26398
26489
26580
26671
27810
27822
27913
28004
28095
28186
28277
28368
28459
29598
29610
29701
29792
29883
29974
30065
30156
30247
31386
31398
31489
31580
31671
31762
31853
31944
32035
33174
33186
33277
33368
33459
33550
33641
33732
33823
34962
34974
35065
35156
35247
35338
35429
35520
35611
36750
36762
36853
36944
37035
37126
37217
37308
37399
38538
38550
38641
38732
38823
38914
39005
39096
39187
40326
40338
40429
40520
40611
40702
40793
40884
40975
42114
42126
42217
42308
42399
42490
42581
42672
42763
43902
43914
44005
44096
44187
44278
44369
44460
44551
45690
45702
45793
45884
45975
46066
46157
46248
46339
47478
47490
47581
47672
47763
47854
47945
48036
48127
49266
49278
49369
49460
49551
49642
49733
49824
49915
51054
51066
51157
51248
51339
51430
51521
51612
51703
52842
52854
52945
53036
53127
53218
53309
53400
53491
54630
54642
54733
54824
54915
55006
55097
55188
55279
57764
57776
57867
57958
58049
58140
58231
58322
58413
58494
58506
58597
58688
58779
58870
58961
59052
59143
60282
60294
60385
60476
60567
60658
60749
60840
60931
62070
62082
62173
62264
62355
62446
62537
62628
62719
63858
63870
63961
64052
64143
64234
64325
64416
64507
65646
65658
65749
65840
65931
66022
66113
66204
66295
67434
67446
67537
67628
67719
67810
67901
67992
68083
69222
69234
69325
69416
69507
69598
69689
69780
69871
71010
71022
71113
71204
71295
71386
71477
71568
71659
72798
72810
72901
72992
73083
73174
73265
73356
73447
74586
74598
74689
74780
74871
74962
75053
75144
75235
76374
76386
76477
76568
76659
76750
76841
76932
77023
78162
78174
78265
78356
78447
78538
78629
78720
78811
79950
79962
80053
80144
80235
80326
80417
80508
80599
81738
81750
81841
81932
82023
82114
82205
82296
82387
83526
83538
83629
83720
83811
83902
83993
84084
84175
85314
85326
85417
85508
85599
85690
85781
85872
85963
87102
87114
87205
87296
87387
87478
87569
87660
87751
88890
88902
88993
89084
89175
89266
89357
89448
89539
90678
90690
90781
90872
90963
91054
91145
91236
91327
92466
92478
92569
92660
92751
92842
92933
93024
93115
94254
94266
94357
94448
94539
94630
94721
94812
94903
96042
96054
96145
96236
96327
96418
96509
96600
96691
97830
97842
97933
98024
98115
98206
98297
98388
98479
99618
99630
99721
99812
99903
99994
100085
100176
100267
101406
101418
101509
101600
101691
101782
101873
101964
102055
103194
103206
103297
103388
103479
103570
103661
103752
103843
104982
104994
105085
105176
105267
105358
105449
105540
105631
106770
106782
106873
106964
107055
107146
107237
107328
107419
108558
108570
108661
108752
108843
108934
109025
109116
109207
110346
110358
110449
110540
110631
110722
110813
110904
110995
112134
112146
112237
112328
112419
112510
112601
112692
112783
1696
1782
1828
1914
1960
2046
2092
2178
2224
2310
2356
2442
2488
2574
3484
3570
3616
3702
3748
3834
3880
3966
4012
4098
4144
4230
4276
4362
5272
5358
5404
5490
5536
5622
5668
5754
5800
5886
5932
6018
6064
6150
7060
7146
7192
7278
7324
7410
7456
7542
7588
7674
7720
7806
7852
7938
8848
8934
8980
9066
9112
9198
9244
9330
9376
9462
9508
9594
9640
9726
10636
10722
10768
10854
10900
10986
11032
11118
11164
11250
11296
11382
11428
11514
12424
12510
12556
12642
12688
12774
12820
12906
12952
13038
13084
13170
13216
13302
14212
14298
14344
14430
14476
14562
14608
14694
14740
14826
14872
14958
15004
15090
16000
16086
16132
16218
16264
16350
16396
16482
16528
16614
16660
16746
16792
16878
17788
17874
17920
18006
18052
18138
18184
18270
18316
18402
18448
18534
18580
18666
19576
19662
19708
19794
19840
19926
19972
20058
20104
20190
20236
20322
20368
20454
21364
21450
21496
21582
21628
21714
21760
21846
21892
21978
22024
22110
22156
22242
23152
23238
23284
23370
23416
23502
23548
23634
23680
23766
23812
23898
23944
24030
24940
25026
25072
25158
25204
25290
25336
25422
25468
25554
25600
25686
25732
25818
26728
26814
26860
26946
26992
27078
27124
27210
27256
27342
27388
27474
27520
27606
28516
28602
28648
28734
28780
28866
28912
28998
29044
29130
29176
29262
29308
29394
30304
30390
30436
30522
30568
30654
30700
30786
30832
30918
30964
31050
31096
31182
32092
32178
32224
32310
32356
32442
32488
32574
32620
32706
32752
32838
32884
32970
33880
33966
34012
34098
34144
34230
34276
34362
34408
34494
34540
34626
34672
34758
35668
35754
35800
35886
35932
36018
36064
36150
36196
36282
36328
36414
36460
36546
37456
37542
37588
37674
37720
37806
37852
37938
37984
38070
38116
38202
38248
38334
39244
39330
39376
39462
39508
39594
39640
39726
39772
39858
39904
39990
40036
40122
41032
41118
41164
41250
41296
41382
41428
41514
41560
41646
41692
41778
41824
41910
42820
42906
42952
43038
43084
43170
43216
43302
43348
43434
43480
43566
43612
43698
44608
44694
44740
44826
44872
44958
45004
45090
45136
45222
45268
45354
45400
45486
46396
46482
46528
46614
46660
46746
46792
46878
46924
47010
47056
47142
47188
47274
48184
48270
48316
48402
48448
48534
48580
48666
48712
48798
48844
48930
48976
49062
49972
50058
50104
50190
50236
50322
50368
50454
50500
50586
50632
50718
50764
50850
51760
51846
51892
51978
52024
52110
52156
52242
52288
52374
52420
52506
52552
52638
53548
53634
53680
53766
53812
53898
53944
54030
54076
54162
54208
54294
54340
54426
55336
55422
55468
55554
55600
55686
55732
55818
55864
55950
55996
56082
56128
56214
56394
56480
56526
56612
56658
56744
56790
56876
56922
57008
57054
57140
57186
57272
59200
59286
59332
59418
59464
59550
59596
59682
59728
59814
59860
59946
59992
60078
60988
61074
61120
61206
61252
61338
61384
61470
61516
61602
61648
61734
61780
61866
62776
62862
62908
62994
63040
63126
63172
63258
63304
63390
63436
63522
63568
63654
64564
64650
64696
64782
64828
64914
64960
65046
65092
65178
65224
65310
65356
65442
66352
66438
66484
66570
66616
66702
66748
66834
66880
66966
67012
67098
67144
67230
68140
68226
68272
68358
68404
68490
68536
68622
68668
68754
68800
68886
68932
69018
69928
70014
70060
70146
70192
70278
70324
70410
70456
70542
70588
70674
70720
70806
71716
71802
71848
71934
71980
72066
72112
72198
72244
72330
72376
72462
72508
72594
73504
73590
73636
73722
73768
73854
73900
73986
74032
74118
74164
74250
74296
74382
75292
75378
75424
75510
75556
75642
75688
75774
75820
75906
75952
76038
76084
76170
77080
77166
77212
77298
77344
77430
77476
77562
77608
77694
77740
77826
77872
77958
78868
78954
79000
79086
79132
79218
79264
79350
79396
79482
79528
79614
79660
79746
80656
80742
80788
80874
80920
81006
81052
81138
81184
81270
81316
81402
81448
81534
82444
82530
82576
82662
82708
82794
82840
82926
82972
83058
83104
83190
83236
83322
84232
84318
84364
84450
84496
84582
84628
84714
84760
84846
84892
84978
85024
85110
86020
86106
86152
86238
86284
86370
86416
86502
86548
86634
86680
86766
86812
86898
87808
87894
87940
88026
88072
88158
88204
88290
88336
88422
88468
88554
88600
88686
89596
89682
89728
89814
89860
89946
89992
90078
90124
90210
90256
90342
90388
90474
91384
91470
91516
91602
91648
91734
91780
91866
91912
91998
92044
92130
92176
92262
93172
93258
93304
93390
93436
93522
93568
93654
93700
93786
93832
93918
93964
94050
94960
95046
95092
95178
95224
95310
95356
95442
95488
95574
95620
95706
95752
95838
96748
96834
96880
96966
97012
97098
97144
97230
97276
97362
97408
97494
97540
97626
98536
98622
98668
98754
98800
98886
98932
99018
99064
99150
99196
99282
99328
99414
100324
100410
100456
100542
100588
100674
100720
100806
100852
100938
100984
101070
101116
101202
102112
102198
102244
102330
102376
102462
102508
102594
102640
102726
102772
102858
102904
102990
103900
103986
104032
104118
104164
104250
104296
104382
104428
104514
104560
104646
104692
104778
105688
105774
105820
105906
105952
106038
106084
106170
106216
106302
106348
106434
106480
106566
107476
107562
107608
107694
107740
107826
107872
107958
108004
108090
108136
108222
108268
108354
109264
109350
109396
109482
109528
109614
109660
109746
109792
109878
109924
110010
110056
110142
111052
111138
111184
111270
111316
111402
111448
111534
111580
111666
111712
111798
111844
111930
112840
112926
112972
113058
113104
113190
113236
113322
113368
113454
113500
113586
113632
113718
113898
113984
114030
114116
114162
114248
114294
114380
114426
114512
114558
114644
114690
114776
1669
1801
1933
2065
2197
2329
2461
2593
3457
3589
3721
3853
3985
4117
4249
4381
5245
5377
5509
5641
5773
5905
6037
6169
7033
7165
7297
7429
7561
7693
7825
7957
8821
8953
9085
9217
9349
9481
9613
9745
10609
10741
10873
11005
11137
11269
11401
11533
12397
12529
12661
12793
12925
13057
13189
13321
14185
14317
14449
14581
14713
14845
14977
15109
15973
16105
16237
16369
16501
16633
16765
16897
17761
17893
18025
18157
18289
18421
18553
18685
19549
19681
19813
19945
20077
20209
20341
20473
21337
21469
21601
21733
21865
21997
22129
22261
23125
23257
23389
23521
23653
23785
23917
24049
24913
25045
25177
25309
25441
25573
25705
25837
26701
26833
26965
27097
27229
27361
27493
27625
28489
28621
28753
28885
29017
29149
29281
29413
30277
30409
30541
30673
30805
30937
31069
31201
32065
32197
32329
32461
32593
32725
32857
32989
33853
33985
34117
34249
34381
34513
34645
34777
35641
35773
35905
36037
36169
36301
36433
36565
37429
37561
37693
37825
37957
38089
38221
38353
39217
39349
39481
39613
39745
39877
40009
40141
41005
41137
41269
41401
41533
41665
41797
41929
42793
42925
43057
43189
43321
43453
43585
43717
44581
44713
44845
44977
45109
45241
45373
45505
46369
46501
46633
46765
46897
47029
47161
47293
48157
48289
48421
48553
48685
48817
48949
49081
49945
50077
50209
50341
50473
50605
50737
50869
51733
51865
51997
52129
52261
52393
52525
52657
53521
53653
53785
53917
54049
54181
54313
54445
55309
55441
55573
55705
55837
55969
56101
56233
56367
56499
56631
56763
56895
57027
57159
57291
59173
59305
59437
59569
59701
59833
59965
60097
60961
61093
61225
61357
61489
61621
61753
61885
62749
62881
63013
63145
63277
63409
63541
63673
64537
64669
64801
64933
65065
65197
65329
65461
66325
66457
66589
66721
66853
66985
67117
67249
68113
68245
68377
68509
68641
68773
68905
69037
69901
70033
70165
70297
70429
70561
70693
70825
71689
71821
71953
72085
72217
72349
72481
72613
73477
73609
73741
73873
74005
74137
74269
74401
75265
75397
75529
75661
75793
75925
76057
76189
77053
77185
77317
77449
77581
77713
77845
77977
78841
78973
79105
79237
79369
79501
79633
79765
80629
80761
80893
81025
81157
81289
81421
81553
82417
82549
82681
82813
82945
83077
83209
83341
84205
84337
84469
84601
84733
84865
84997
85129
85993
86125
86257
86389
86521
86653
86785
86917
87781
87913
88045
88177
88309
88441
88573
88705
89569
89701
89833
89965
90097
90229
90361
90493
91357
91489
91621
91753
91885
92017
92149
92281
93145
93277
93409
93541
93673
93805
93937
94069
94933
95065
95197
95329
95461
95593
95725
95857
96721
96853
96985
97117
97249
97381
97513
97645
98509
98641
98773
98905
99037
99169
99301
99433
100297
100429
100561
100693
100825
100957
101089
101221
102085
102217
102349
102481
102613
102745
102877
103009
103873
104005
104137
104269
104401
104533
104665
104797
105661
105793
105925
106057
106189
106321
106453
106585
107449
107581
107713
107845
107977
108109
108241
108373
109237
109369
109501
109633
109765
109897
110029
110161
111025
111157
111289
111421
111553
111685
111817
111949
112813
112945
113077
113209
113341
113473
113605
113737
113871
114003
114135
114267
114399
114531
114663
114795
1697
1783
1829
1915
1961
2047
2093
2179
2225
2311
2357
2443
2489
3485
3571
3617
3703
3749
3835
3881
3967
4013
4099
4145
4231
4277
5273
5359
5405
5491
5537
5623
5669
5755
5801
5887
5933
6019
6065
7061
7147
7193
7279
7325
7411
7457
7543
7589
7675
7721
7807
7853
8849
8935
8981
9067
9113
9199
9245
9331
9377
9463
9509
9595
9641
10637
10723
10769
10855
10901
10987
11033
11119
11165
11251
11297
11383
11429
12425
12511
12557
12643
12689
12775
12821
12907
12953
13039
13085
13171
13217
14213
14299
14345
14431
14477
14563
14609
14695
14741
14827
14873
14959
15005
16001
16087
16133
16219
16265
16351
16397
16483
16529
16615
16661
16747
16793
17789
17875
17921
18007
18053
18139
18185
18271
18317
18403
18449
18535
18581
19577
19663
