38712
43
572
1322
2072
17494
548
1298
17470
55
49
641
1391
17563
479
1229
17401
37
665
1415
17587
31
455
1205
1955
61
67
734
1484
2984
17656
386
1136
571
1321
17493
573
1323
17495
547
1297
17469
543
1293
17465
549
1299
17471
640
1390
17562
25
42
119
478
1228
17400
480
1230
17402
636
1386
17558
51
54
125
642
1392
17564
81978
567
1317
17489
81954
48
122
39
664
1414
17586
666
1416
17588
758
1508
3008
17680
81885
82047
87549
454
1204
474
1224
17396
73
362
1112
2612
36
116
19
456
1206
450
1200
63
30
113
45
660
1410
17582
82071
545
1295
17467
546
1296
17468
60
128
81861
570
1320
17492
18048
57
638
1388
17560
639
1389
17561
579
1329
17501
733
1483
2983
17655
569
1319
17491
729
1479
2979
17651
66
131
385
1135
387
1137
477
1227
17399
735
1485
2985
17657
161
79
486
1236
17408
476
1226
17398
555
1305
17477
165
33
82140
27
453
1203
827
1577
2327
3077
17749
48927
452
1202
163
81792
574
1324
17496
648
1398
17570
663
1413
17585
81979
662
1412
17584
293
1043
1793
672
1422
17594
381
1131
550
1300
17472
81953
81977
581
1331
17503
24
110
580
1330
17502
481
1231
17403
159
81955
18049
50
123
81886
757
1507
3007
17679
759
1509
3009
17681
643
1393
17565
82046
157
81884
69
488
1238
17410
361
1111
487
1237
17409
188
82048
462
1212
731
1481
2981
17653
13
732
1482
2982
17654
167
38
117
667
1417
17589
363
1113
753
1503
3003
17675
75
556
1306
17478
82072
72
134
186
578
1328
17500
86870
384
1134
357
1107
82164
89500
18248
18
107
674
1424
17596
82070
393
1143
557
1307
17479
457
1207
673
1423
17595
81860
169
383
1133
81768
18050
649
1399
17571
62
129
81862
44
120
485
1235
17407
544
1294
17466
650
1400
17572
741
1491
2991
17663
554
1304
17476
18047
190
18052
56
126
81949
187
637
1387
17559
568
1318
17490
851
1601
2351
3101
17773
48951
647
1397
17569
81985
85
81952
82042
671
1421
17593
388
1138
189
155
463
1213
822
1572
2322
3072
17744
48922
1019
826
1576
2326
3076
17748
48926
736
1486
2986
17658
81976
81793
82139
81973
475
1225
17397
756
1506
3006
17678
360
1110
89868
81892
464
1214
81791
82045
359
1109
82141
755
1505
3005
17677
395
1145
1042
1044
828
1578
2328
3078
17750
48928
394
1144
765
1515
3015
17687
81961
81883
81951
451
1201
575
1325
17497
81880
461
1211
86871
661
1411
17583
86958
81980
184
82054
185
82233
89569
81856
82044
81975
551
1301
17473
82078
582
1332
17504
81699
742
1492
2992
17664
81987
482
1232
17404
81859
81986
171
369
1119
81956
82069
82066
743
1493
2993
17665
81887
644
1394
17566
760
1510
3010
17682
392
1142
49092
81882
1038
489
1239
17411
81894
82165
89501
730
1480
2980
17652
82049
81893
740
1490
2990
17662
767
1517
3017
17689
18244
38418
81868
82163
89499
766
1516
3016
17688
668
1418
17590
82135
81858
81767
364
1114
18247
38421
824
1574
2324
3074
17746
48924
86869
191
86872
825
1575
2325
3075
17747
48925
82073
577
1327
17499
86874
81769
82068
81984
675
1425
17597
81962
558
1308
17480
192
458
1208
82080
382
1132
82138
81799
18051
82079
18046
81963
81863
850
1600
2350
3100
17772
48950
852
1602
2352
3102
17774
48952
1041
484
1234
17406
199
949
542
1292
17464
81790
920
1670
2420
3170
17842
49020
651
1401
17573
89822
82055
173
81891
553
1303
17475
566
1316
17488
1050
764
1514
3014
17686
82056
1040
81787
1018
82147
81960
635
1385
17557
86959
370
1120
82137
846
1596
2346
3096
17768
48946
834
1584
2334
3084
17756
48934
646
1396
17568
1020
473
1223
17395
371
1121
389
1139
670
1420
17592
82053
82257
89593
737
1487
2987
17659
82077
81794
564
1314
17486
1014
565
1315
17487
81869
81675
87177
81789
465
1215
358
1108
754
1504
3004
17676
368
1118
82142
396
1146
1045
81801
829
1579
2329
3079
17751
48929
81870
86957
81800
583
1333
17505
82232
89568
81700
82171
89507
659
1409
17581
183
449
1199
81950
81763
584
1334
17506
82234
89570
460
1210
471
1221
17393
81698
82159
89495
472
1222
17394
81766
82162
89498
1052
1051
86962
81981
81867
81974
490
1240
17412
82043
81988
491
1241
17413
657
1407
17579
81957
86960
744
1494
2994
17666
658
1408
17580
81888
3195
17867
49045
182
18243
38417
82148
761
1511
3011
17683
849
1599
2349
3099
17771
48949
391
1141
81775
198
81881
89823
835
1585
2335
3085
17757
48935
81798
848
1598
2348
3098
17770
48948
82149
1017
81765
858
1608
2358
3108
17780
48958
81895
728
1478
2978
17650
1016
86868
82166
89502
82050
836
1586
2336
3086
17758
48936
676
1426
17598
82161
89497
739
1489
2989
17661
768
1518
3018
17690
89934
1309
17481
82173
89509
677
1427
17599
1049
1115
81857
915
1665
2415
3165
17837
49015
823
1573
2323
3073
17745
48923
18249
82146
82172
89508
86873
833
1583
2333
3083
17755
48933
1130
919
1669
2419
3169
17841
49019
82074
1326
17498
81770
82067
1310
17482
82228
89564
81983
89821
18246
38420
1402
17574
82081
193
175
18054
197
18045
921
1671
2421
3171
17843
49021
81964
1403
17575
81864
1291
17463
1026
3194
17866
49044
853
1603
2353
3103
17775
48953
1233
17405
89826
82231
89567
81890
1302
17474
763
1513
3013
17685
81706
82258
89594
1039
82057
1384
17556
860
1610
2360
3110
17782
48960
81959
82170
89506
1128
82326
89662
1216
82256
89592
82136
859
1609
2359
3109
17781
48959
1129
89824
1312
17484
81697
1395
17567
1147
86956
81776
81674
1021
1122
669
1419
17591
82240
89576
82052
1148
82230
89566
752
1502
3002
17674
81694
1313
17485
81676
81777
82076
81795
1217
17389
194
81788
1335
17507
1106
82143
1117
1219
17391
1046
81802
830
1580
2330
3080
48930
81972
81871
81774
1198
86953
81701
857
1607
2357
3107
48957
1667
2417
3167
49017
81948
1220
17392
750
1500
3000
17672
82235
89571
81990
1209
1668
2418
3168
49018
751
1501
3001
17673
81696
1242
17414
1405
17577
1053
81708
1311
17483
81879
81866
81707
1027
82041
745
1495
2995
17667
81970
769
1519
3019
17691
1406
17578
81897
81971
746
1496
2996
17668
1028
86961
177
18242
38416
770
1520
3020
17692
1140
678
1428
17600
847
1597
2347
3097
48947
1404
17576
82150
81797
727
1477
2977
17649
81764
86867
82065
1015
82167
89503
837
1587
2337
3087
48937
1025
81877
82160
89496
81878
82241
89577
1677
49027
738
1488
2988
17660
82264
89600
82174
89510
181
200
269
21
78
137
7
292
294
53
32
114
26
111
41
15
153
288
68
132
12
104
65
47
81
74
135
91
59
291
300
290
268
35
29
87
84
140
270
1
264
20
108
6
101
295
52
124
151
302
301
40
118
71
14
105
77
9
267
266
64
130
46
121
299
80
138
90
143
201
58
127
149
97
23
276
147
289
34
115
28
112
86
141
3
271
0
98
164
17
296
93
160
303
277
70
133
76
136
278
168
8
102
83
207
265
275
82242
89578
298
1048
82252
89588
82083
1218
17390
86876
81855
821
1571
2321
3071
48921
81705
81670
82145
82255
89591
832
1582
2332
3082
48932
81673
82351
89687
162
81771
202
18055
82063
81982
1290
17462
89
82064
82239
89575
81966
196
1672
2422
49022
49039
1123
82325
89661
96
146
22
109
854
1604
2354
3104
48954
287
1037
166
1383
17555
81682
1126
82059
81889
82327
89663
762
1512
3012
17684
82259
89595
81672
156
1127
1149
82350
89686
82254
89590
86954
861
1611
2361
3111
48961
81958
82169
89505
208
209
82266
89602
82134
81786
86955
1124
82265
89601
81989
2
99
272
1022
82051
81804
82229
89565
158
81778
81677
748
1498
2998
17670
82075
180
1678
49028
285
1035
1105
1336
17508
286
1036
304
1054
16
106
81991
1197
81873
1679
49029
81896
1116
11
81947
747
1497
2997
17669
305
1055
81784
81773
92
144
81702
749
1499
2999
17671
81785
1666
2416
49016
856
1606
2356
3106
48956
206
81968
81695
82236
89572
1676
49026
1243
17415
81898
82263
89599
82321
89657
82040
81709
81865
771
1521
3021
17693
172
195
82082
81969
81683
82158
89494
86964
86965
845
1595
2345
3095
48945
279
1029
1125
81875
726
1476
2976
17648
170
18241
38415
81967
81684
82152
89660
82176
89512
679
1429
17601
82084
81796
81965
838
1588
2338
3088
48938
839
1589
2339
3089
48939
82
139
81762
81876
263
1013
274
1024
86877
82156
89492
82061
843
1593
2343
3093
48943
81854
82157
89493
844
1594
2344
3094
48944
81681
179
820
1570
2320
3070
48920
82243
89579
297
1047
18056
82060
18053
81704
1289
17461
82333
89669
82144
82058
831
1581
2331
3081
48931
203
82062
1382
17554
862
1612
2362
3112
48962
88
142
82238
89574
5
1673
2423
49023
81874
81803
863
1613
2363
3113
48963
81872
82260
89596
86949
82133
81671
82253
89589
1150
81805
154
82168
89504
210
82267
89603
86952
81780
1104
283
1033
1196
152
306
1056
82227
89563
81678
284
1034
81946
81693
1337
17509
81782
81992
1680
49030
92116
95
280
1030
10
103
81783
81711
82039
81772
82175
89511
1664
2414
49014
90148
855
1605
2355
3105
48955
205
1244
17416
1675
49025
81899
82262
89598
82153
82151
772
1522
3022
17694
49040
725
1475
2975
17647
82177
89513
18240
38414
81691
840
1590
2340
3090
48940
281
1031
82154
81692
841
1591
2341
3091
48941
18245
38419
86878
81685
81761
680
1430
17602
1288
17460
82085
81853
262
1012
18058
86875
819
1569
2319
3069
48919
82155
89491
842
1592
2342
3092
48942
273
1023
174
1381
17553
82245
89581
81680
81781
18060
1287
17459
81703
864
1614
2364
3114
48964
176
81779
1380
17552
282
1032
82251
89587
82237
89573
1286
17458
211
4
100
82132
88180
212
82269
89605
1379
17551
1195
92117
82249
89585
81669
1151
81806
82250
89586
81710
1103
1340
17512
90149
81945
82226
89562
92115
81712
307
1057
1194
1247
17419
82038
1682
49032
90147
1339
17511
1338
17510
81993
92118
1681
49031
94
145
724
1474
2974
17646
1193
1663
2413
49013
90150
49038
204
1246
17418
1245
17417
81900
1285
17457
1378
17550
1674
49024
723
1473
2973
17645
81689
82261
89597
150
773
1523
3023
17695
81690
86880
82178
89514
18225
38399
18239
38413
683
1433
17605
81760
18061
81852
49036
49037
81687
722
1472
2972
17644
818
1568
2318
3068
48918
261
1011
82244
89580
90151
92119
86882
82246
89582
682
1432
17604
681
1431
17603
82086
18057
18059
88181
82268
89604
81679
18062
865
1615
2365
3115
48965
1154
148
82247
89583
82270
89606
213
88179
82131
81944
1192
1284
17456
18063
721
1471
2971
17643
1102
88182
1377
17549
82037
81668
82248
89584
81943
81807
1153
1152
82225
89561
88183
81688
82036
1101
81942
90179
81996
308
1058
1683
49033
81713
81686
1100
82035
1341
17513
1355
17527
1354
17526
1662
2412
49012
81995
81994
81851
92147
92120
81903
1191
1684
49034
178
86883
90152
776
1526
3026
17698
1248
17420
1262
17434
817
1567
2317
3067
48917
1261
17433
81902
81901
81759
81850
775
1525
3025
17697
774
1524
3024
17696
260
1010
82179
89515
86879
86881
18238
38412
18224
38398
18223
38397
816
1566
2316
3066
48916
1685
49035
88211
82089
720
1470
2970
17642
81849
82034
81941
82130
86884
684
1434
17606
698
1448
17620
697
1447
17619
82088
82087
815
1565
2315
3065
48915
82129
18064
866
1616
2366
3116
48966
81619
82128
82271
89607
214
1099
81810
81667
814
1564
2314
3064
48914
1283
17455
311
1061
82224
89560
88184
1376
17548
1155
1169
81809
81808
1168
82127
81848
86885
81940
90178
90177
81758
1661
2411
49011
81714
310
1060
309
1059
1098
82033
1343
17515
1365
17537
1342
17514
1357
17529
1358
17530
1359
17531
81997
82011
82010
92146
92145
92122
259
1009
1190
81757
90154
1250
17422
1272
17444
1249
17421
1264
17436
1265
17437
1266
17438
81904
81918
81917
82182
89518
777
1527
3027
17699
48877
791
1541
3041
17713
48891
790
1540
3040
17712
48890
81756
82181
89517
82180
89516
18237
38411
18214
38388
18236
38410
18222
38396
18220
38394
258
1008
88210
88209
719
1469
2969
17641
81847
86886
686
1436
17608
708
1458
2958
17630
685
1435
17607
700
1450
17622
701
1451
17623
702
1452
17624
82090
82104
82103
813
1563
2313
3063
48913
257
1007
89654
82223
89559
18066
869
1619
2369
3119
48969
82222
89558
81666
868
1618
2368
3118
48968
867
1617
2367
3117
48967
215
82272
89608
81620
82126
1281
17453
1282
17454
82221
89557
88186
1374
17546
1375
17547
1660
2410
49010
81717
1157
1179
1156
1171
81811
81825
81824
1172
1173
82220
89556
1659
2409
49009
81755
81939
90168
90176
90174
81716
81715
312
1062
326
1076
325
1075
1658
2408
49008
1097
82032
1353
17525
1367
17539
1345
17517
1364
17536
1346
17518
1347
17519
1361
17533
1356
17528
1360
17532
81999
82021
81998
82013
82014
82015
92136
92144
92142
92123
92121
1188
1189
90155
90153
18080
256
1006
1657
2407
49007
1260
17432
1274
17446
1252
17424
1271
17443
1253
17425
1254
17426
1268
17440
1263
17435
1267
17439
81906
81928
81905
81920
81921
81922
779
1529
3029
17701
48879
801
1551
2301
3051
48901
778
1528
3028
17700
48878
793
1543
3043
17715
48893
794
1544
3044
17716
48894
795
1545
3045
48895
81754
82183
89519
82197
89533
82196
89532
18211
38385
18227
38401
18235
38409
18213
38387
18233
38407
18218
38392
18221
38395
18219
38393
218
88200
88208
88206
81665
89653
717
1467
2967
17639
718
1468
2968
17640
81846
86888
696
1446
17618
710
1460
2960
17632
688
1438
17610
707
1457
2957
17629
689
1439
17611
690
1440
17612
704
1454
17626
699
1449
17621
703
1453
17625
82092
82114
82091
82106
82107
82108
812
1562
2312
3062
48912
255
1005
81664
18067
18065
89611
870
1620
2370
3120
48970
884
1634
2384
48984
883
1633
2383
48983
81621
217
216
82274
89610
82273
89609
82125
1280
17452
81663
82219
89555
1373
17545
88187
88185
1167
1181
1159
1178
81813
81835
1160
1161
1175
81812
81827
1170
1174
81828
81829
81937
81938
90165
90181
90167
90187
90172
90175
90173
92125
81718
81732
81731
314
1064
1086
313
1063
328
1078
329
1079
330
1080
906
1656
2406
49006
1095
1366
17538
1369
17541
1096
82030
82031
90157
1352
17524
1349
17521
1344
1363
17516
17535
1348
17520
1187
82009
82023
82001
82020
82002
82003
82017
82012
82016
92133
92149
92135
92155
92140
92143
92141
89652
89651
18077
18079
18084
18085
1273
17445
1276
17448
1259
17431
1256
17428
1251
1270
17423
17442
1255
17427
81916
81930
81908
81927
81909
81910
81924
81919
81923
38381
789
1539
3039
17711
48889
803
1553
2303
3053
48903
781
1531
3031
17703
48881
800
1550
3050
48900
782
1532
3032
17704
48882
783
1533
3033
17705
48883
797
1547
3047
48897
792
1542
3042
17714
48892
796
1546
3046
48896
81753
82185
89521
82207
89543
82184
89520
82199
89535
82200
89536
82201
89537
18212
38386
18209
38383
18226
38400
18231
38405
18216
38390
18234
38408
18232
38406
18217
38391
716
1466
2966
17638
89650
88197
88213
88199
88219
88204
88207
88205
89649
81844
81845
81662
709
1459
2959
17631
712
1462
2962
17634
86889
86887
695
1445
17617
692
1442
17614
687
706
1437
1456
17609
17628
691
1441
17613
82102
82116
82094
82113
82095
82096
82110
82105
82109
81624
810
1560
2310
3060
48910
811
1561
2311
3061
48911
1278
17450
18069
254
1004
1371
17543
872
1622
2372
48972
894
1644
2394
48994
871
1621
2371
48971
886
1636
2386
48986
887
1637
2387
48987
888
1638
2388
48988
81623
81622
219
233
232
89612
89626
89625
82123
82124
88189
1279
17451
81661
18210
38384
38382
82218
89554
1372
17544
1368
1370
17540
17542
1275
1277
17447
17449
86902
1180
1183
92127
92129
1166
1163
81823
1158
1177
81837
1162
81815
81834
81816
81817
81831
81826
81830
1185
81936
90159
90161
90166
90163
90180
90185
90170
90186
90171
92124
1094
82029
324
1074
1088
81720
81742
81719
81734
316
1066
1085
81735
81736
317
1067
318
1068
332
1082
327
1077
331
1081
905
1655
2405
49005
82022
82025
90156
1351
17523
714
1464
2964
17636
1362
17534
1186
82008
82005
82000
82019
82004
92134
92131
92148
92153
92138
92154
92139
711
713
1461
1463
2961
2963
17633
17635
18078
18075
18082
18083
81929
81932
1258
17430
1269
17441
81915
81912
81907
81926
81911
802
1552
2302
3052
48902
805
1555
2305
3055
48905
788
1538
3038
17710
48888
785
1535
3035
17707
48885
780
799
1530
1549
3030
3049
17702
48880
48899
784
1534
3034
17706
48884
81751
81752
82195
89531
82209
89545
82187
89523
82206
89542
82188
89524
82189
89525
82203
89539
82198
89534
82202
89538
86891
18229
38403
18230
38404
18215
38389
715
1465
2965
17637
81843
89648
18071
18073
88198
88195
88212
88217
88202
88218
88203
1182
1184
809
1559
2309
3059
48909
90164
90162
92132
92130
82115
82118
694
1444
17616
705
1455
17627
82101
82098
82093
82112
82097
18068
252
1002
253
1003
88191
88193
82122
882
1632
2382
48982
896
1646
2396
48996
874
1624
2374
48974
893
1643
2393
48993
875
1625
2375
48975
876
1626
2376
48976
890
1640
2390
48990
885
1635
2385
48985
889
1639
2389
48989
81625
81639
81638
221
243
993
220
235
236
237
89614
89636
89613
89628
89629
89630
88188
81934
81660
92126
92128
18076
18074
82216
89552
82217
89553
82027
90158
90160
82024
82026
86899
86901
86906
86907
1092
81836
81839
1165
81822
1176
81819
81814
81833
81818
88196
88194
81935
81931
81933
90183
90184
90169
1087
1090
1093
82028
81730
81744
323
1073
81722
81741
81723
81724
81738
81733
81737
320
1070
315
1065
1084
319
1069
903
1653
2403
49003
904
1654
2404
49004
1350
17522
82007
82018
92151
92152
92137
804
806
1554
1556
2304
2306
3054
3056
48904
48906
81841
807
1557
2307
3057
48907
18070
18072
86893
86895
18081
81750
1257
17429
81914
81925
82117
82119
787
1537
3037
17709
48887
798
1548
3048
48898
82208
89544
82211
89547
82194
89530
82191
89527
82186
82205
89522
89541
82190
89526
86890
38402
82120
81842
89647
88190
88192
88215
88216
88201
808
1558
2308
3058
251
1001
1089
1091
693
1443
17615
82100
82111
81838
81840
82121
895
1645
2395
898
1648
2398
881
1631
2381
878
1628
2378
873
892
1623
1642
2373
2392
877
1627
2377
81627
81649
81626
81641
81642
81643
231
245
995
223
242
992
224
225
239
989
234
238
89624
89638
89616
89635
89617
89618
89632
89627
89631
82215
89551
81658
81659
86900
86897
86904
86905
1164
81821
81832
86898
86896
902
1652
2402
90182
81743
81746
81729
322
1072
81726
81721
81740
81725
1083
81748
86892
86894
82006
92150
82210
82212
89546
89548
81749
81913
249
999
1536
3036
17708
82193
89529
82204
89540
89645
89646
88214
82213
89549
250
1000
82099
897
899
1647
1649
2397
2399
81745
81747
244
994
247
997
81657
880
1630
2380
891
1641
2391
81637
81651
89637
89640
81629
81648
81630
81631
81645
81640
81644
230
227
222
241
991
226
89623
89620
89615
89634
89619
82214
89550
900
1650
2400
86903
81820
901
1651
246
248
996
998
81728
321
1071
81739
82192
81655
81650
81653
81656
879
81636
81633
81628
81647
81632
229
240
945
948
559
365
380
576
950
951
560
652
947
653
541
944
483
552
634
378
466
379
562
645
397
372
398
563
467
585
356
367
469
448
917
470
459
918
492
655
561
656
390
654
957
927
468
943
952
540
946
922
939
373
633
376
377
399
958
959
374
928
355
586
447
929
366
916
956
926
493
942
941
375
539
953
632
923
400
960
354
446
587
930
914
955
494
925
940
538
631
537
630
536
961
962
629
445
401
353
590
444
497
932
589
588
931
443
913
938
954
496
495
535
628
924
936
937
404
963
442
534
352
627
403
402
351
933
350
591
605
604
912
441
934
498
512
511
935
964
349
533
626
405
419
418
911
348
593
615
592
607
608
609
440
500
522
499
514
515
516
965
531
532
624
625
910
407
429
406
421
422
423
909
908
347
603
617
595
614
596
597
611
606
610
438
439
907
510
524
502
521
503
504
518
513
517
968
967
966
530
623
417
431
409
428
410
411
425
420
424
336
345
616
619
346
602
599
594
613
598
437
523
526
509
506
501
520
505
528
621
969
983
982
529
622
618
620
525
527
430
433
416
413
408
427
412
435
344
338
335
601
612
436
508
519
432
434
971
970
985
986
987
342
415
426
337
340
343
334
600
507
339
341
981
973
974
975
984
988
414
333
786
980
977
972
976
1629
979
990
228
978
1695
1699
1698
1697
1700
2048
2141
1979
2165
2234
1886
2071
2073
2047
2043
2049
2140
1978
1980
2136
2142
2067
2164
2166
2258
1954
1974
1862
1956
1950
2160
2045
2046
2070
2138
2139
2079
2233
2069
2229
1885
1887
1977
2235
1986
1976
2055
1953
1952
2074
2148
2163
2162
2172
1881
2050
2081
2080
1981
2257
2259
2143
1988
1861
1987
1962
2231
2232
2167
1863
2253
2056
2078
1884
1857
2174
1893
2057
1957
2173
1883
2149
1985
2044
2150
2241
2054
2137
2068
2147
2171
1888
1963
1769
2236
1975
2256
1860
1964
1859
2255
1895
1792
1794
1894
2265
1951
2075
1961
2161
2051
2082
2242
1982
1869
2243
2144
2260
1892
1788
1989
2230
2240
2267
2266
2168
1864
2077
2175
2058
1958
1882
1791
1984
2042
2151
2053
2066
1800
2264
1790
1768
2135
1870
2146
1770
1973
1871
1889
2170
2237
2064
1764
2065
1965
1858
2254
1868
1896
1795
2083
2159
1949
2084
1960
1971
1972
1802
1801
1990
1991
2157
2244
2158
2261
1891
1767
2228
1766
2176
2239
2268
2059
2177
1799
1865
1880
2076
1701
2060
2152
2153
2041
1776
1694
1983
2052
2263
1789
2134
1878
1966
1879
2062
2145
1897
1771
1872
2169
1898
2252
2063
1967
2085
1856
1867
1969
1796
1948
1970
2250
1959
2251
1992
2155
1803
2061
1777
2245
2269
2156
2246
1778
2270
1890
2178
2154
2227
1707
1765
1775
2238
1798
1968
1693
1702
2040
1696
1689
1873
1787
2133
1876
2262
1877
1899
1708
1709
1874
1772
2248
1785
1855
2086
1786
1804
1947
1866
2247
1805
2249
1706
1993
1692
2271
1691
1779
1875
2226
2179
1763
1774
1797
2039
1703
2132
1900
1710
1854
1783
1946
1806
1784
2087
1780
1705
1994
2272
1690
2225
1781
2180
2038
1762
1773
2131
2037
2130
1782
2036
1711
1712
2129
1945
1901
1853
2090
1807
1944
1997
2089
2088
2224
1943
1688
1704
1996
1995
2035
2128
2223
2273
2183
1686
1687
2222
1761
2182
2181
1904
1713
1942
2034
2221
1852
2127
1903
1902
1851
1808
1850
2091
2105
2104
1941
2276
1998
2012
2011
2275
2274
1760
2220
2184
2198
2197
1714
1849
2033
1811
2126
1905
1919
1918
1810
1809
1848
2093
2115
2092
2107
2108
2109
1759
1940
2000
2022
1999
2014
2015
2016
2277
2291
2290
1758
2219
2186
2208
2185
2200
2201
2202
1757
1715
2031
2032
2124
2125
1907
1929
1906
1921
1922
1923
1812
1826
1825
1847
2103
2117
2095
2114
2096
2097
2111
2106
2110
1938
1939
1756
2010
2024
2002
2021
2003
2004
2018
2013
2017
2279
2278
2293
2294
2295
1718
2217
2218
2196
2210
2188
2207
2189
2190
2204
2199
2203
1755
1717
1716
2030
2123
1917
1931
1909
1928
1910
1911
1925
1920
1924
1814
1836
1813
1828
1829
1830
1845
2116
2119
1846
2102
2099
2094
2113
2098
1937
2023
2026
2009
2006
2001
2020
2005
2289
2281
2300
2282
2283
2297
2292
2296
2216
2209
2212
2195
2192
2187
2206
2191
2028
1754
2121
1719
1733
1732
2029
2122
2118
2120
2025
2027
1930
1933
1916
1913
1908
1927
1912
1935
1844
1824
1838
1816
1835
1817
1818
1832
1827
1831
2101
2214
2112
1936
2211
2213
2008
2019
2288
2285
2280
2299
2284
2215
1932
1934
2194
2205
1752
1753
1721
1743
1720
1735
1736
1737
1842
1915
1926
1837
1840
1843
1823
1820
1815
1834
1819
2100
2007
2287
2298
1751
1839
1841
2193
1731
1745
1723
1742
1724
1725
1739
1734
1738
1914
1822
1833
1749
2286
1750
1744
1747
1730
1727
1722
1741
1726
2401
1746
1748
1821
1729
1740
1728
2445
2449
2448
2427
2450
2822
2798
2891
2729
2915
2705
2636
2821
2823
2797
2793
2799
2890
2728
2730
2886
2892
2817
2914
2916
2704
2724
2706
2700
2910
2795
2796
2820
2888
2889
2829
2819
2635
2637
2727
2736
2726
2805
2703
2702
2824
2898
2913
2912
2543
2922
2631
2800
2831
2830
2731
2893
2738
2611
2737
2712
2917
2613
2806
2828
2634
2607
2924
2643
2807
2707
2923
2633
2899
2735
2794
2900
2804
2887
2818
2897
2921
2638
2713
2519
2725
2610
2714
2609
2645
2542
2544
2644
2701
2825
2711
2911
2801
2832
2732
2619
2894
2642
2538
2739
2918
2614
2827
2925
2808
2708
2632
2541
2734
2792
2901
2803
2816
2550
2540
2518
2885
2620
2896
2520
2723
2621
2639
2920
2814
2514
2815
2715
2608
2618
2646
2545
2833
2909
2699
2834
2710
2721
2722
2552
2551
2740
2741
2907
2908
2641
2517
2516
2926
2809
2927
2549
2615
2630
2826
2451
2810
2902
2447
2903
2791
2526
2444
2733
2802
2539
2884
2628
2716
2629
2812
2895
2647
2521
2622
2919
2648
2813
2717
2835
2606
2617
2719
2546
2698
2720
2709
2742
2905
2553
2811
2527
2906
2528
2640
2928
2904
2457
2515
2525
2548
2718
2443
2452
2790
2446
2439
2623
2537
2883
2626
2627
2649
2458
2459
2624
2522
2428
2535
2605
2836
2536
2554
2697
2429
2616
2555
2456
2426
2743
2442
2441
2529
2625
2929
2513
2524
2547
2789
2453
2882
2650
2460
2604
2533
2696
2556
2534
2837
2430
2530
2455
2744
2425
2440
2531
2930
2788
2512
2523
2881
2787
2880
2532
2786
2461
2462
2879
2695
2651
2603
2840
2557
2694
2747
2432
2839
2838
2431
2693
2438
2454
2746
2745
2785
2878
2424
2933
2436
2437
2511
2932
2931
2654
2463
2692
2784
2602
2877
2653
2652
2601
2558
2433
2600
2841
2855
2854
2691
2434
2748
2762
2761
2510
2435
2934
2948
2947
2464
2599
2783
2561
2876
2655
2669
2668
2560
2559
2598
2843
2865
2842
2857
2858
2859
2509
2690
2750
2772
2749
2764
2765
2766
2508
2936
2935
2950
2951
2952
2507
2465
2781
2782
2874
2875
2657
2679
2656
2671
2672
2673
2562
2576
2575
2597
2853
2867
2845
2864
2846
2847
2861
2856
2860
2688
2689
2506
2760
2774
2752
2771
2753
2754
2768
2763
2767
2468
2946
2938
2939
2940
2954
2949
2953
2505
2467
2466
2780
2873
2667
2681
2659
2678
2660
2661
2675
2670
2674
2564
2586
2563
2578
2579
2580
2595
2866
2869
2596
2852
2849
2844
2863
2848
2687
2773
2776
2759
2756
2751
2770
2755
2945
2942
2937
2956
2941
2778
2504
2871
2469
2483
2482
2779
2872
2868
2870
2775
2777
2680
2683
2666
2663
2658
2677
2662
2685
2594
2574
2588
2566
2585
2567
2568
2582
2577
2581
2851
2862
2686
2758
2769
2682
2684
2944
2955
2502
2503
2471
2493
2470
2485
2486
2487
2592
2665
2676
2587
2590
2593
2573
2570
2565
2584
2569
2850
2757
2501
2589
2591
2943
2481
2495
2473
2492
2474
2475
2489
2484
2488
2664
2572
2583
2499
2500
2494
2497
2480
2477
2472
2491
2476
2496
2498
2571
2379
2479
2490
2478
3196
3197
3200
3198
3177
3193
3172
3189
3178
3179
3166
3176
3192
3191
3199
3173
3180
3164
3175
3190
3202
3182
3181
3163
3188
3174
3186
3187
3183
3162
3184
3201
3185
3161
3160
3159
3158
3157
3134
3133
3156
3122
3144
3121
3136
3137
3138
3155
3132
3146
3124
3143
3125
3126
3140
3135
3139
3153
3154
3145
3148
3131
3128
3123
3142
3127
3152
3147
3149
3130
3141
3150
3151
3129
3206
3208
3226
3227
3242
3243
3244
3241
3246
3245
3240
3229
3237
3228
3230
3220
3248
3239
3238
3231
3219
3216
3232
3249
3236
3203
3233
3215
3221
3218
3250
3247
3234
3235
3213
3212
3214
3222
3252
3254
3217
3211
3255
3223
3251
3253
3256
3257
3204
3209
3210
3225
3258
3207
3205
3284
3283
3224
3260
3274
3282
3280
3261
3259
3271
3273
3278
3281
3279
3263
3272
3269
3276
3277
3265
3267
3262
3270
3268
3275
3264
3266
3314
3315
3376
3377
3330
3378
3375
3380
3331
3329
3442
3334
3332
3379
3374
3371
3328
3438
3441
3317
3316
3382
3373
3325
3372
3308
3318
3437
3327
3326
3443
3319
3440
3383
3370
3304
3307
3367
3320
3436
3324
3444
3321
3384
3381
3303
3368
3369
3309
3306
3322
3435
3323
3445
3386
3388
3302
3310
3434
3439
3389
3447
3385
3387
3390
3301
3391
3311
3419
3433
3446
3392
3300
3305
3313
3432
3418
3417
3394
3285
3299
3312
3431
3408
3430
3416
3414
3395
3393
3298
3405
3421
3429
3407
3427
3412
3415
3413
3397
3297
3296
3406
3403
3420
3425
3410
3428
3426
3411
3399
3401
3396
3287
3295
3293
3404
3402
3398
3400
3423
3424
3409
3286
3291
3294
3292
3422
3289
3290
3340
3342
3360
3361
3363
3362
3364
3354
3333
3365
3353
3350
3336
3337
3366
3349
3355
3352
3347
3346
3348
3335
3356
3351
3345
3357
3338
3343
3344
3359
3341
3339
3358
3288
3448
3449
3464
3465
3463
3468
3466
3462
3451
3467
3450
3459
3452
3461
3460
3453
3470
3471
3454
3474
3476
3488
3487
3484
3571
3458
3455
3481
3480
3483
3489
3486
3570
3482
3456
3457
3469
3485
3479
3569
3472
3477
3478
3568
3475
3473
3494
3495
3510
3511
3512
3509
3514
3513
3508
3497
3505
3496
3498
3516
3507
3506
3499
3500
3517
3504
3501
3515
3518
3502
3503
3490
3520
3522
3523
3491
3519
3521
3524
3525
3553
3567
3493
3526
3566
3552
3551
3492
3528
3565
3542
3564
3550
3548
3529
3527
3539
3555
3563
3541
3561
3546
3549
3547
3531
3533
3535
3540
3537
3554
3559
3544
3562
3560
3545
3538
3536
3532
3534
3557
3558
3543
3556
3582
3583
3598
3599
3597
3602
3600
3596
3585
3584
3601
3593
3576
3586
3595
3594
3587
3604
3605
3572
3575
3588
3592
3589
3577
3574
3590
3591
3603
3578
3606
3579
3607
3573
3608
3609
3610
3611
3612
3581
3580
3530
3628
3629
3644
3645
3646
3643
3648
3647
3642
3631
3639
3630
3632
3622
3650
3641
3640
3978
3633
3621
3618
3634
3974
3977
3651
3638
3635
3615
3614
3617
3623
3620
3973
3649
3652
3636
3616
3979
3637
3976
3619
3613
3624
3654
3972
3656
3980
3657
3625
3653
3655
3971
3658
3981
3659
3970
3627
3975
3687
3660
3955
3969
3626
3686
3685
3662
3968
3954
3953
3676
3684
3682
3663
3661
3967
3944
3966
3952
3950
3665
3673
3689
3675
3680
3683
3681
3941
3957
3965
3943
3963
3948
3951
3949
3667
3669
3664
3674
3671
3688
3693
3678
3694
3679
3672
3670
3666
3668
3942
3956
3961
3946
3964
3962
3947
3691
3692
3677
3959
3960
3945
3690
3716
3717
3732
3733
3731
3736
3734
3730
3719
3718
3735
3727
3710
3720
3729
3728
3721
3706
3709
3722
3726
3723
3705
3711
3708
3724
3725
3704
3712
3703
3713
3702
3707
3715
3701
3714
3700
3699
3698
3697
3695
3742
3744
3762
3763
3778
3866
3912
3779
3867
3780
3777
3782
3865
3870
3868
3781
3864
3869
3861
3863
3784
3862
3785
3783
3786
3788
3790
3791
3787
3789
3792
3793
3794
3796
3797
3795
3810
3816
3799
3807
3809
3814
3817
3815
3801
3803
3798
3808
3805
3812
3813
3806
3804
3800
3802
3811
3850
3851
3853
3852
3844
3854
3855
3840
3843
3856
3857
3839
3845
3842
3858
3838
3846
3837
3847
3836
3841
3849
3821
3835
3848
3834
3820
3819
3833
3832
3818
3823
3831
3829
3822
3827
3830
3828
3825
3826
3824
3876
3878
3890
3872
3873
3860
3889
3886
3883
3882
3885
3884
3871
3859
3891
3888
3887
3881
3892
3874
3879
3880
3893
3877
3875
3895
3894
3896
3897
3913
3914
3911
3916
3776
3765
3773
3764
3915
3910
3899
3756
3766
3907
3898
3774
3775
3738
3900
3767
3739
3908
3918
3909
3901
3755
3752
3768
3772
3749
3748
3769
3902
3919
3906
3751
3903
3757
3750
3754
3770
3737
3771
3753
3747
3917
3904
3920
3905
3758
3740
3745
3746
3922
3924
3759
3743
3741
3925
3921
3923
3926
3761
3927
3928
3760
3930
3931
3929
3933
3696
3935
3937
3932
3939
3940
3938
3934
3936
3958
3984
3985
4000
4001
3999
4004
4002
3998
3987
3986
4003
3995
3988
3997
3996
3989
4006
4007
3990
3994
3991
3992
4005
3993
4010
4012
4017
4016
4020
4019
4018
4021
4015
4022
4008
4013
4014
4011
4009
3983
3982
4030
4031
4046
4047
4048
4045
4050
4049
4044
4033
4041
4032
4024
4034
4042
4052
4043
4035
4023
4036
4053
4040
4037
4025
4051
4038
4054
4039
4026
4056
4058
4027
4059
4055
4057
4060
4061
4104
4029
4062
4089
4103
4028
4064
4102
4088
4087
4065
4063
4101
4078
4100
4086
4084
4067
4075
4091
4099
4077
4097
4082
4085
4083
4069
4071
4066
4074
4072
4076
4073
4090
4095
4080
4098
4096
4081
4068
4070
4093
4094
4079
4092
4118
4119
4134
4135
4133
4138
4136
4121
4132
4120
4129
4137
4112
4122
4130
4131
4123
4140
4141
4108
4111
4124
4128
4125
4107
4113
4110
4126
4187
4139
4127
4106
4114
4188
4105
4142
4115
4190
4192
4109
4143
4117
4193
4189
4191
4194
4116
4144
4145
4146
4164
4165
4180
4181
4182
4179
4184
4183
4167
4178
4175
4166
4158
4168
4176
4186
4177
4169
4151
4150
4157
4154
4170
4174
4171
4152
4153
4155
4149
4159
4156
4185
4172
4173
4147
4148
4160
4161
4195
4163
4196
4223
4198
4222
4221
4199
4197
4212
4220
4218
4201
4209
4225
4211
4216
4219
4217
4203
4205
4200
4208
4206
4202
4204
4210
4207
4224
4214
4215
4227
4213
4226
4252
4253
4268
4267
4255
4266
4263
4254
4246
4256
4264
4257
4265
4242
4245
4258
4259
4262
4241
4247
4244
4260
4261
4240
4248
4239
4249
4238
4243
4251
4162
4237
4250
4236
4235
4234
4233
4231
4229
4232
4230
4228
4273
4274
4278
4279
4656
4632
4725
4563
4749
4539
4818
4470
4655
4657
4631
4627
4633
4724
4562
4564
4720
4726
4651
4748
4750
4842
4538
4558
4446
4540
4534
4744
4629
4630
4654
4722
4723
4663
4817
4653
4813
4469
4471
4561
4819
4570
4560
4639
4537
4911
4536
4658
4732
4747
4746
4377
4756
4465
4634
4665
4664
4565
4841
4843
4727
4572
4445
4571
4546
4815
4816
4751
4447
4837
4640
4662
4468
4441
4758
4477
4641
4541
4757
4467
4733
4569
4628
4734
4825
4638
4721
4652
4935
4731
4755
4472
4547
4906
4353
4910
4820
4559
4840
4444
4548
4443
4839
4479
4376
4378
4912
4478
4849
4535
4659
4545
4745
4635
4666
4826
4566
4453
4827
4728
4844
4476
4372
4573
4814
4824
4851
4850
4752
4448
4908
4909
4661
4759
4642
4542
4466
4934
4936
4375
4568
4283
4626
5004
4735
4637
4650
4384
4848
4374
4352
4719
4454
4930
4918
4730
4354
4557
4455
4473
4754
4821
4648
4348
4649
4549
4442
4838
4452
4480
4379
4913
4667
4743
4533
4668
4544
4555
4556
4386
4385
4574
4575
4741
4828
4742
5029
4845
4933
4475
4282
4919
4932
4351
4942
4812
4920
4760
4823
4852
4643
4761
4383
4449
4999
4907
4917
4464
5003
4660
4644
4736
4281
5005
4737
4625
4360
5028
4937
4567
4269
4284
4350
4285
4636
4847
4373
4718
4944
4462
4550
4943
4463
4646
4729
4481
4355
4456
4753
4482
4836
4647
4551
4669
4440
4451
4553
4380
4914
4532
4941
5001
4554
4834
4543
5002
4835
4576
4739
4387
4645
4361
4829
4853
4740
4830
4362
4854
4474
4762
4931
4738
4811
4291
4349
4921
4359
4822
4382
4552
4905
4916
4286
4624
4280
5006
4457
4938
4371
4717
4460
4272
4270
4846
4461
4483
4945
4292
4293
4458
4356
4832
4369
4439
4670
4370
4388
4531
4450
4831
4389
4833
5000
4940
4290
4577
4855
4929
4363
4459
4810
4763
4922
4923
4347
4358
4927
4928
4904
4381
4623
4915
4287
4716
4946
4947
4275
4271
4484
4294
4438
4367
4530
4390
4368
4671
4364
4998
4939
4289
4578
4856
4809
4924
4365
4925
4764
4622
4346
4903
4926
4357
4715
4621
4948
4714
4366
4620
4295
4296
4713
4277
4529
4485
4437
4674
4391
4528
4581
4673
4672
4808
4527
4997
4288
4580
4579
4619
4712
4807
4857
4767
4806
4902
4345
4766
4765
4949
4488
4297
4526
4618
4805
4436
4711
4276
4487
4486
4435
4392
4434
4675
4689
4688
4996
4525
4860
4582
4596
4901
4595
4859
4858
4344
4900
4804
4768
4782
4781
4899
4950
4298
4433
4898
4617
4395
4710
4489
4503
4502
5089
4995
4394
4393
4432
4677
4699
4676
4691
4692
4693
4343
4524
5090
5091
4584
4606
4583
4598
4599
4600
4861
4875
4874
4342
4803
4770
4792
4769
4784
4785
4786
4897
4341
5119
4953
4952
4951
4299
4615
4616
4708
4709
4994
4491
4513
4490
4505
4506
4507
4993
4396
4410
4409
4992
4431
4687
4701
4679
4698
4680
4681
4695
4690
4694
4522
4523
5092
4340
4991
4594
4608
4586
4605
4587
4588
4602
4597
4601
4863
4885
4862
4877
4878
4879
4302
4801
4802
4780
4794
4772
4791
4773
4774
4788
4783
4787
4896
4339
5118
5117
4954
4968
4967
4301
4300
4614
4707
4501
4515
4493
4512
4494
4495
4509
4504
4508
4398
4420
4397
4412
4413
4414
4990
4429
4700
4703
4430
4686
4683
4678
4697
4682
4521
5094
4607
4610
4593
4590
4585
4604
4589
4873
4887
4865
4884
4866
4867
4881
4876
4880
4800
4793
4796
4779
4776
4771
4790
4775
4894
4895
4612
4338
4705
5108
5116
5114
4956
4978
4955
4970
4971
4972
4303
4317
4316
4613
4706
4702
4704
4609
4611
4514
4517
4500
4497
4492
4511
4496
4519
4428
4408
4422
4400
4419
4401
4402
4416
4411
4415
4989
4685
4798
4696
4520
5095
5093
4795
4797
4592
4603
4886
4889
4872
4869
4864
4883
4868
4799
4516
4518
4893
4778
4789
4336
4337
5105
5121
5129
5107
5127
5112
5115
5113
4966
4980
4958
4977
4959
4960
4974
4969
4973
4305
4327
4304
4319
4320
4321
4426
4499
4510
4421
4424
4427
4407
4404
4399
4418
4403
4987
4988
5097
4684
4888
4890
4891
4591
4871
4882
4892
4335
4423
4425
4777
5106
5103
5120
5125
5110
5128
5126
5111
4979
4982
4965
4962
4957
4976
4961
4315
4329
4307
4326
4308
4309
4323
4318
4322
4498
5099
5101
4986
4406
4417
5096
5104
5102
4333
4870
4334
4981
4983
5123
5124
5109
4328
4331
4964
4975
4314
4311
4306
4325
4310
4984
5098
5100
4985
4330
4332
4405
5122
4963
4313
4324
5030
5031
5034
5032
5011
5027
5023
5012
5013
5010
5026
5025
5033
5007
5014
5009
5024
5036
5037
5016
5015
5022
5008
5020
5021
5017
5018
5040
5042
5047
5046
5035
5019
5045
5038
5043
5044
5041
5039
5060
5061
5076
5077
5078
5075
5080
5079
5074
5063
5071
5062
5064
5054
5082
5073
5072
5065
5053
5050
5066
5083
5070
5067
5049
5055
5052
5084
5081
5068
5069
5048
5056
5086
5088
5051
5057
5085
5087
5059
5058
5148
5149
5164
5165
5163
5168
5166
5162
5151
5167
5150
5159
5142
5152
5161
5160
5153
5170
5138
5141
5154
5158
5155
5137
5143
5140
5156
5157
5169
5136
5144
5135
5145
5134
5139
5147
5133
5146
5132
5131
5130
5174
5176
5194
5195
5210
5211
5212
5209
5214
5213
5208
5197
5205
5196
5198
5188
5216
5207
5206
5199
5187
5184
5171
5200
5217
5204
5201
5183
5189
5186
5181
5180
5218
5215
5202
5203
5182
5190
5220
5185
5179
5222
5223
5191
5219
5221
5172
5177
5178
5224
5225
5193
5175
5173
5226
5252
5251
5192
5228
5242
5250
5248
5229
5227
5239
5241
5246
5249
5247
5231
5240
5237
5244
5245
5233
5235
5230
5238
5236
5232
5234
5243
5282
5283
5344
5298
5345
5346
5343
5348
5299
5297
5302
5300
5347
5410
5342
5296
5339
5285
5301
5284
5293
5276
5406
5286
5409
5350
5341
5340
5295
5294
5287
5272
5405
5275
5411
5351
5338
5408
5335
5288
5292
5289
5271
5404
5277
5349
5352
5336
5274
5412
5337
5290
5291
5270
5354
5403
5278
5356
5413
5269
5357
5402
5353
5355
5407
5279
5358
5415
5359
5268
5273
5387
5401
5281
5360
5414
5253
5267
5400
5386
5385
5280
5362
5266
5399
5376
5398
5384
5382
5363
5361
5265
5264
5373
5389
5397
5375
5395
5380
5383
5381
5365
5255
5263
5261
5367
5369
5374
5371
5388
5393
5378
5396
5394
5379
5364
5372
5370
5366
5368
5254
5259
5262
5260
5391
5392
5377
5257
5258
5308
5310
5328
5329
5331
5330
5332
5322
5333
5304
5305
5321
5318
5334
5315
5314
5317
5323
5320
5316
5303
5319
5313
5324
5306
5311
5312
5325
5309
5307
5327
5326
5390
5256
5416
5417
5432
5433
5431
5436
5434
5430
5419
5418
5435
5427
5420
5429
5428
5421
5438
5439
5422
5442
5444
5456
5455
5452
5539
5426
5423
5449
5448
5451
5457
5454
5450
5424
5538
5425
5437
5453
5447
5537
5440
5445
5446
5536
5443
5441
5462
5463
5478
5479
5480
5477
5482
5481
5476
5465
5473
5464
5466
5484
5475
5474
5467
5468
5485
5472
5469
5483
5486
5470
5471
5458
5488
5490
5491
5459
5487
5489
5492
5493
5461
5521
5535
5494
5460
5534
5520
5519
5496
5533
5510
5532
5518
5516
5497
5495
5499
5507
5523
5531
5509
5529
5514
5517
5515
5501
5503
5508
5505
5522
5527
5512
5530
5528
5513
5506
5504
5500
5502
5525
5526
5511
5524
5550
5551
5566
5567
5565
5570
5568
5564
5553
5552
5569
5561
5544
5554
5563
5562
5555
5572
5573
5540
5543
5556
5560
5557
5545
5542
5558
5559
5571
5546
5574
5547
5575
5541
5576
5577
5578
5579
5580
5549
5548
5498
4312
5596
5597
5612
6490
6466
6559
6397
5613
6583
6373
5614
6652
5611
6304
5616
6489
6491
6465
6461
6467
6558
6396
6398
6554
6560
6485
6582
6584
6676
6372
6392
6280
6374
6368
6578
6463
6464
6488
6556
6557
6497
6651
6487
6647
6303
6305
6395
5615
5610
6653
6404
6394
6473
5599
6371
6745
6370
6492
6566
6581
6580
6590
6299
5607
6468
6499
6498
6399
5598
6675
6677
6561
6406
6279
6405
6380
6649
6650
6585
6281
6671
6474
6496
6302
6275
5590
6592
5600
6311
6475
6375
6591
6301
6567
6403
6462
6568
6659
6472
6555
6486
6769
6565
5608
6589
6306
5618
5609
6381
6740
6744
6654
6393
6674
6278
6382
6277
5601
6673
6313
6746
6312
6683
6369
6493
6379
6579
6469
6500
6660
6400
6287
6661
6562
6678
6310
6407
6648
6658
6685
6684
6586
6282
6742
5589
6743
6495
5586
6593
6476
6376
6300
6768
6770
6402
6460
6838
6569
5602
6471
6484
6682
6553
6288
6764
6752
6564
5619
6391
6289
6307
6588
5606
6655
5583
6482
5582
6483
6383
6276
6672
6286
5603
6314
6747
6501
6577
6367
6502
6378
6389
5946
6390
6408
6409
6575
6662
6576
6863
6679
6767
6309
6753
6766
5585
6776
6646
6754
6594
6657
6686
6477
6595
6283
6833
6741
5591
6751
6298
6837
6494
6478
6570
5584
5588
6839
6571
6459
6862
6771
6401
5617
5604
6470
6681
5620
6552
6778
6296
6384
6777
6297
6480
6563
6315
6290
6587
6316
5605
6670
6481
5587
6385
5581
6503
6274
6285
6387
5942
6748
5945
6366
6775
6835
6388
6668
6377
6836
6669
6410
6573
6479
6663
6687
6574
6664
6688
6308
6596
6765
6572
6645
6755
6845
6656
6386
6739
5592
6750
6458
6840
5622
6291
6772
6551
6294
6680
5624
6295
6317
6779
6292
5941
6666
6846
6273
6504
6365
6847
6284
6665
5947
6667
6834
6774
6844
6411
5944
6689
6763
6293
6644
6597
6756
6757
6761
6762
6738
6457
5593
5625
6749
6550
6780
6841
5621
5623
6781
5626
6318
5940
6272
6364
6505
6848
5948
6832
6773
6412
6843
5627
6690
6643
6758
6759
6598
6456
6737
6760
6549
6455
5595
6782
6548
6454
6547
6363
5628
6319
6271
6508
5939
6362
5655
6415
6850
6507
6506
6849
6642
6361
6831
5949
6414
6413
6453
6546
6842
6641
6691
6601
6640
6736
6600
6599
5594
6783
6322
6360
6452
6639
6270
5938
6545
5630
6321
6320
6269
5943
6851
5654
5653
6268
6509
6523
6522
6830
6359
6694
6416
6430
6735
6429
6693
6692
6734
6638
6602
6616
6615
6733
6784
6267
6732
6451
5923
5937
6544
5631
5629
6323
6337
6336
6829
5644
5652
5650
6266
6511
6533
6510
6525
6526
6527
6358
6418
6440
6417
6432
6433
6434
6695
6709
6708
6637
6604
6626
6603
6618
6619
6620
6731
6787
6786
6785
6449
6450
5936
5922
5921
5633
6542
6543
6828
6325
6347
6324
6339
6340
6341
6827
6244
6243
6826
5641
5657
5643
5648
5651
5649
6265
6521
6535
6513
6532
6514
6515
6529
6524
6528
6356
6357
6825
6428
6442
6420
6439
6421
6422
6436
6431
6435
6697
6719
6696
6711
6712
6713
6635
6636
6614
6628
6606
6625
6607
6608
6622
6617
6621
6730
5635
5637
6788
6802
6801
6448
5935
5912
5934
5920
5918
6541
5632
6335
6349
6327
6346
6328
6329
6343
6338
6342
6254
6246
6247
6248
6824
5642
5639
5656
5661
5646
5662
5647
6263
6534
6537
6264
6520
6517
6512
6531
6516
6355
6441
6444
6427
6424
6419
6438
6423
5640
5638
6707
6721
6699
6718
6700
6701
6715
6710
6714
6634
6627
6630
6613
6610
6605
6624
6609
6728
6729
6446
5634
5636
6539
6790
6812
6789
6804
6805
6806
6447
5909
5925
5933
5911
5931
5916
5919
5917
6540
6536
6538
6443
6445
6348
6351
6334
6331
6326
6345
6330
6353
6262
6242
6256
6253
6250
6245
6249
6823
5659
5660
5645
6519
6632
6530
6354
6629
6631
6426
6437
6720
6723
6706
6703
6698
6717
6702
6633
6350
6352
6727
6612
6623
6800
6814
6792
6811
6793
6794
6808
6803
6807
5910
5924
5929
5914
5932
5930
5915
6260
6333
6344
6255
6258
6261
6241
6238
6252
6237
6821
6822
5658
5684
5685
5700
5701
5699
5704
5702
5698
5687
5686
5703
5695
5678
5688
5697
5696
5689
5674
5677
5690
5694
5691
5673
5679
5676
5692
5693
5672
5680
5671
5681
5670
5675
5683
5669
5682
5668
5667
5666
5665
5663
5710
5712
5730
5731
5746
5834
5747
5748
5880
5745
5835
5750
5833
5838
5836
5749
5832
5837
5829
5752
5831
5830
5840
5841
5753
5751
5754
5756
5758
5759
5755
5757
5760
5761
5762
5764
5765
5763
5778
5784
5767
5775
5777
5782
5785
5783
5769
5771
5766
5776
5773
5780
5781
5774
5772
5768
5770
5779
5818
5819
5821
5820
5812
5822
5823
5808
5811
5824
5825
5807
5813
5810
5826
5806
5814
5805
5815
5804
5809
5817
5789
5803
5816
5802
5788
5787
5801
5800
5786
5791
5799
5797
5790
5795
5798
5796
5793
5794
5792
5844
5846
5858
5828
5857
5851
5850
5854
5839
5827
5853
5852
5859
5855
5849
5856
5842
5847
5860
5848
5845
5843
5861
5863
5862
5864
5865
5881
5882
5744
5879
5884
5733
5741
5732
5724
5734
5706
5707
5883
5878
5742
5867
5743
5735
5875
5866
5723
5868
5720
5717
5736
5716
5876
5886
5877
5869
5740
5737
5719
5718
5705
5725
5722
5870
5721
5738
5715
5887
5874
5871
5739
5726
5885
5872
5888
5708
5713
5714
5873
5727
5890
5892
5711
5709
5893
5729
5889
5891
5894
5895
5728
5896
5898
5899
5897
5664
5901
5903
5905
5900
5908
5906
5907
5902
5904
5927
5928
5913
5926
5952
5953
5968
5969
5967
5972
5970
5955
5966
5954
5963
5971
5956
5964
5965
5957
5974
5975
5958
5962
5959
5960
5973
5961
5978
5980
5985
5984
5988
5986
5987
5989
5983
5990
5976
5981
5982
5979
5977
5951
5950
5998
5999
6014
6015
6016
6013
6018
6017
6001
6012
6009
6000
5992
6002
6010
6020
6011
6003
5991
6004
6021
6008
6005
5993
6019
6006
6022
6007
5994
6024
6026
5995
6027
6023
6025
6028
6029
5997
6072
6030
5996
6057
6071
6032
6070
6056
6055
6033
6031
6069
6046
6068
6054
6052
6035
6043
6059
6067
6045
6065
6050
6053
6051
6037
6039
6034
6042
6040
6036
6038
6044
6041
6058
6063
6048
6066
6064
6049
6061
6062
6047
6060
