41
556
1286
10226
532
1262
53
47
623
1353
3141
465
1195
35
647
1377
29
441
59
65
1444
374
557
1287
555
1285
531
1261
527
1257
533
1263
1352
40
116
23
466
464
1348
49
100722
52
122
1354
80246
82034
99914
101702
551
1281
101678
46
119
2490
37
1468
1378
1376
99981
101769
101611
71
440
460
34
113
350
38628
17
442
61
436
43
1372
28
110
100005
101793
58
125
530
1260
529
1259
55
554
1284
101587
1350
1351
563
1293
1443
553
1283
1439
64
128
463
1445
375
373
2491
157
77
472
462
539
1269
161
31
2576
38336
100072
101860
1535
5111
159
25
1360
1375
558
1288
439
438
101520
1374
1384
99915
101703
369
565
1295
534
1264
283
1013
2801
99913
101701
101677
564
1294
155
22
107
467
2492
101679
48
120
1469
1467
101612
1355
99980
101768
67
153
101610
184
474
2489
1441
99982
101770
473
1442
448
2494
163
349
11
36
114
1379
73
1463
70
131
100006
101794
351
540
1270
182
562
1292
100096
101884
1386
372
345
100004
101792
541
1271
1385
165
381
16
104
1361
443
101586
60
126
371
2577
38337
101496
42
117
1362
101588
471
1451
528
1258
538
1268
186
54
123
183
101673
1349
1559
5135
40895
552
1282
1359
83
99921
101709
99976
101764
1383
185
101676
1530
5106
1534
5110
1446
99912
101700
376
151
449
100071
101859
76
134
101697
1466
2575
38335
101521
461
19
101618
99979
101767
450
100073
101861
1465
259
1475
5051
1536
5112
101519
348
383
347
51
382
101685
5
101609
30
111
284
2580
38340
282
2578
38338
101675
24
108
559
1289
101606
437
447
1373
99988
101776
99916
101704
180
100163
101951
181
99978
101766
100012
101800
99911
101699
39
101582
1296
535
1265
1452
99923
101711
167
13
468
99922
101710
1453
100003
101791
149
100000
101788
101429
101585
2493
101680
2488
1470
5046
357
1698
101613
1356
101608
66
129
380
79462
475
100097
101885
101620
63
1440
99983
101771
278
1477
5053
1450
101619
79
100095
101883
1476
5052
45
101594
10
101
100067
101855
1380
187
72
132
1532
5108
101584
89
1533
5109
101495
100007
101795
352
561
1291
100002
101790
1387
188
57
101686
99920
101708
101497
100014
101802
542
1272
100070
101858
100013
101801
444
101527
370
101687
1560
5136
40896
1558
5134
40894
1363
99989
101777
896
1626
5202
40962
169
101589
470
526
1256
101518
1474
5050
281
537
1267
101617
550
1280
99990
101778
100079
101867
290
101515
2574
38334
101684
100069
101857
1347
1554
5130
40890
1542
5118
280
33
1358
85
82
137
1699
358
258
27
1382
192
99987
101775
459
359
100187
101975
1447
377
100011
101799
260
548
1278
101522
549
1279
101595
18
105
1464
451
101517
100074
101862
1537
5113
254
384
101596
346
101529
356
1297
50
121
100162
101950
100103
101891
101405
101528
4
98
1371
2571
38331
2579
38339
285
179
101674
147
100164
101952
1298
101430
100091
101879
435
101491
100094
101882
457
446
458
101428
99917
101705
101494
1700
99910
101698
101593
292
99977
101765
69
476
1206
291
38
115
2486
99924
101712
75
79458
477
1207
1369
12
102
2496
1454
2487
1651
5227
40987
1697
1370
100080
101868
79461
101681
1557
5133
40893
1471
5047
101614
1702
1543
5119
100081
101869
101607
178
1556
5132
40892
101503
379
1566
5142
40902
1544
5120
101526
7
100098
101886
101621
1438
1388
62
127
99984
101772
101493
100093
101881
1478
5054
1449
257
100105
101893
543
1273
78
135
44
118
1389
256
891
1621
5197
40957
100104
101892
1531
5107
100078
101866
101583
1541
5117
289
88
140
1625
5201
40961
353
100008
101796
100001
101789
560
1290
100158
101946
102114
544
1274
368
1364
189
56
124
100015
101803
99919
101707
101498
171
897
1627
5203
40963
101688
1365
95
920
1650
5226
40986
1561
5137
40897
525
1255
101590
21
469
145
100161
101949
266
1473
5049
193
99991
101779
536
1266
101616
1762
100188
101976
1568
5144
40904
2572
38332
2573
38333
1346
100102
101890
101436
1567
5143
40903
101683
100254
102042
100186
101974
279
100068
101856
452
366
32
112
546
1276
1357
84
138
367
101427
385
26
109
101504
100170
101958
1381
99986
101774
100160
101948
360
1462
386
101404
547
1277
190
1
100010
101798
261
101505
101424
453
101523
160
101406
1299
101516
100075
101863
1538
5114
15
101696
455
91
344
101597
101530
2582
38342
355
2583
38343
1565
5141
40901
1623
5199
40959
286
1460
101502
434
101672
1461
1624
5200
40960
456
100165
101953
79457
99926
101714
101431
1367
156
478
1208
445
101426
545
1275
101605
1701
101592
101438
99975
101763
1696
293
1455
101437
68
130
2497
1479
5055
74
133
101694
267
1456
1368
101695
101623
173
1480
5056
79463
268
164
1390
1555
5131
40891
100082
101870
81
1366
378
1437
1545
5121
99999
101787
101525
100092
101880
100099
101887
6
99
79460
100171
101959
101492
903
1633
101603
100194
101982
1448
101604
100106
101894
100172
101960
199
100182
101970
265
255
100017
101805
1529
5105
454
100185
101973
100077
101865
177
101581
1540
5116
2566
38326
288
100279
102067
101435
158
101400
99997
101785
101403
87
99918
101706
101499
99998
101786
100169
101957
101690
524
1254
1693
1758
898
1628
5204
40964
1645
94
143
162
100253
102041
1562
5138
40898
361
1761
20
106
99993
101781
1345
100255
102043
277
1472
5048
364
194
101615
100189
101977
101412
100184
101972
1569
5145
40905
100278
102066
2570
38330
152
100196
101984
100101
101889
2567
38327
365
387
101682
100066
101854
101402
101514
100195
101983
99925
101713
201
1686
362
200
99985
101773
100159
101947
101532
1458
154
1634
0
96
262
100009
101797
101506
1635
1300
99927
101715
101407
176
101599
275
101622
343
1457
294
276
433
14
103
90
141
2495
101671
354
1459
9
1564
5140
1622
5198
101512
295
101501
101692
101513
1632
79456
100166
101954
101432
100249
102037
2498
100193
101981
101624
479
1209
101425
99974
101762
1481
5057
198
168
1704
191
1695
101439
101591
100016
101804
101693
100090
101878
1553
5129
101413
1694
166
1436
101601
100084
101872
79464
101691
100108
101896
363
100252
102040
269
1391
100018
101806
1546
5122
1547
5123
80
136
101414
101689
101602
101524
101490
100088
101876
1551
5127
99995
101783
1687
100089
101877
1552
5128
175
100173
101961
101580
1528
5104
253
264
99994
101782
100261
102049
99992
101780
1757
101411
100076
101864
100251
102039
1539
5115
523
1253
287
101434
99996
101784
1570
5146
86
139
100168
101956
1344
1629
5205
1571
5147
101600
102065
101531
1763
3
100256
102044
101598
195
100183
101971
100065
101853
100190
101978
1760
100197
101985
100100
101888
101533
388
101401
150
202
101508
100157
101945
432
148
273
342
296
101670
1636
93
1301
274
99928
101716
101408
101423
101510
100262
102050
2500
100263
102051
270
100107
101895
101511
99973
101761
8
100
1620
5196
1563
5139
101441
101500
79455
1688
1631
1705
100085
101873
100083
101871
480
1210
2502
101625
100192
101980
1482
5058
197
100109
101897
1692
1435
100260
102048
1548
5124
100086
101874
1549
5125
101421
271
101422
102061
79465
1392
100019
101807
101489
522
1252
101415
102064
101579
100087
101875
1550
5126
1527
5103
170
100175
101963
1689
252
1343
263
101509
1756
101410
100250
102038
521
1251
1572
5148
172
101433
1342
100181
101969
101507
100167
101955
102063
520
1250
272
100199
101987
100064
101852
203
1764
2
97
1341
100257
102045
100179
101967
204
100180
101968
431
7606
389
101534
101399
5711
5725
101440
1304
5686
341
100156
101944
101669
2503
7631
7645
1638
483
1213
430
101442
99972
101760
297
1637
92
142
1303
1302
99929
101717
79454
2499
2501
1434
1706
100264
102052
1619
5195
429
1703
1644
79459
1690
1630
1340
101626
482
1212
481
1211
2504
519
1249
100191
101979
1433
1483
5059
196
100110
101898
1691
101419
146
100259
102047
1395
1642
101420
1643
101578
100174
101962
101488
1432
1526
5102
100176
101964
101417
79467
1394
1393
100020
101808
251
100198
101986
1755
100248
102036
101409
1573
5149
100177
101965
100200
101988
100063
101851
392
144
102062
101668
205
1431
518
1248
428
2505
340
1765
1339
99971
101759
100178
101966
101350
101667
101398
100155
101943
7607
101535
391
390
5724
5710
5709
99970
101758
5687
101418
1639
339
99932
101720
101666
1708
7644
7630
7629
101443
298
101416
99969
101757
1618
5194
1305
1319
1318
99931
101719
99930
101718
79439
79453
338
100266
102054
101629
101577
174
1640
1710
427
1871
1885
1486
5062
1525
5101
101628
101627
484
1214
498
1228
2506
497
1227
101487
1485
5061
1484
5060
101576
100111
101899
1641
100258
102046
1524
5100
100023
101811
250
1430
99968
101756
101575
100062
101850
101665
79466
1396
1410
1409
100022
101810
100021
101809
1523
5099
100061
101849
102060
100247
102035
1754
1846
1759
1574
5150
100201
101989
100060
101848
102058
102059
101351
1522
5098
206
101538
517
1247
100154
101942
337
101397
301
1338
7609
5689
100059
101847
101537
101536
393
407
1711
406
5723
5700
5722
5708
5706
101574
1617
5193
101664
100265
102053
101486
1707
1709
101444
7643
7620
7642
7628
7626
300
299
100267
102055
99967
101755
1307
1329
1306
1321
99933
101721
99947
101735
1322
1323
99946
101734
79452
79438
79437
336
1712
426
1884
1870
1869
101485
249
1713
100114
101902
101630
101644
101643
486
1216
2507
508
1238
485
1215
500
1230
501
1231
502
1232
1487
5063
1501
5077
1500
5076
100113
101901
100112
101900
101484
1429
101573
248
1398
1420
1397
1412
1413
1414
100024
101812
100038
101826
100037
101825
100268
102056
1521
5097
100246
102034
100153
101941
247
1739
1753
1847
1577
5153
100152
101940
1576
5152
1575
5151
100202
100058
101846
100269
102057
101396
7611
7613
101352
207
100151
101939
516
1246
5691
5693
1616
5192
1337
7608
100150
101938
101447
1615
5191
5688
101539
101553
101552
395
417
394
409
410
411
5697
5713
5721
5699
5719
5704
5707
5705
101483
101663
1614
5190
101446
101445
7617
7633
7641
7619
7639
7624
7627
7625
302
316
315
99966
101754
1317
1331
1309
1328
1310
1311
1325
1320
99935
101723
99957
101745
1324
99934
101722
99949
101737
99950
101738
99951
101739
79451
79450
79436
335
79434
1714
425
1883
1860
1882
1868
2509
1866
1613
5189
101632
101654
496
1226
510
1240
101631
101646
101647
101648
488
1218
507
1237
489
1219
490
1220
504
1234
499
1229
503
1233
1489
5065
1511
5087
1488
5064
1503
5079
1504
5080
1505
5081
246
100115
101903
100129
101917
100128
101916
101482
100245
102033
1428
210
101572
101395
1408
1422
1400
1419
1401
1402
1416
1411
1415
100026
101814
100048
101836
100025
101813
100040
101828
100041
101829
100042
101830
1520
5096
7616
7614
1849
5696
5694
245
1752
1738
1737
100205
101394
1578
5154
1592
5168
1591
5167
514
1244
100204
100203
7610
7612
100057
101845
1335
101353
5690
5692
209
208
100149
101937
515
1245
101393
5698
5695
2520
1336
7618
7615
101541
101563
101540
101555
101556
101557
405
419
397
416
398
399
413
408
412
5712
5717
5702
5720
5718
5703
1330
1333
101662
1612
5188
101448
101462
101461
7632
7637
7622
7640
7638
7623
509
1239
512
1242
423
304
326
303
318
319
320
2511
2513
99965
101753
1316
1313
1308
1327
1312
99945
101733
99959
101747
99937
101725
99956
101744
99938
101726
99939
101727
99953
101741
99948
101736
99952
101740
100244
102032
334
79441
79449
79447
79432
79435
79433
1715
100243
102031
424
1857
1873
1881
1859
1879
1864
1867
1865
2508
1332
1334
101642
101656
101634
101653
495
1225
101635
101636
101650
101645
101649
492
1222
487
506
1217
1236
511
513
1241
1243
491
1221
1426
1499
5075
1513
5089
1491
5067
1510
5086
1492
5068
1493
5069
1507
5083
1502
5078
1506
5082
100117
101905
100139
101927
100116
101904
100131
101919
100132
101920
100133
101921
100242
102030
1421
1424
101481
100241
1427
1851
1853
101571
1407
1404
1399
1418
1403
100036
101824
100050
101838
100028
101816
100047
101835
100029
101817
100030
101818
100044
101832
100039
101827
100043
101831
1519
5095
101392
101356
1848
244
1751
1728
1750
1736
1734
1580
5156
1602
5178
1579
5155
1594
5170
1595
5171
1596
5172
100206
100220
100219
100056
101844
418
421
101355
101354
211
225
224
1423
1425
100148
101936
101391
420
422
2517
2519
2524
2525
101660
101551
101565
101543
101562
101544
101545
101559
101554
101558
404
401
396
415
400
2516
2514
5715
5716
5701
99963
101751
332
99958
101746
99961
101749
101661
2510
2512
1611
5187
101450
101472
101449
101464
101465
101466
7635
7636
7621
314
328
306
325
307
308
322
317
321
99964
101752
1717
1315
1326
99944
101732
99941
101729
99936
99955
101724
101743
99940
101728
1858
1855
79440
333
79445
79430
79448
79446
79431
101655
101658
1856
1854
1872
1877
1862
1880
1878
1863
1512
5088
1515
5091
101641
101638
101633
101652
494
1224
101637
505
1235
1498
5074
1495
5071
1490
1509
5066
5085
1494
5070
101569
100127
101915
100141
101929
100119
101907
100138
101926
100120
101908
100121
101909
100135
101923
100130
101918
100134
101922
100240
1517
5093
1850
1852
101480
100049
101837
100052
101840
99960
99962
101748
101750
101570
101657
101659
1406
1417
100035
101823
100032
101820
100027
100046
101815
101834
100031
101819
1518
5094
2518
2515
100054
101842
243
1725
1741
1749
1727
1747
1732
1735
1733
1590
5166
1604
5180
1582
5158
1601
5177
1583
5159
1584
5160
1598
5174
1593
5169
1597
5173
100208
100230
100207
100222
100223
100224
100055
101843
101357
101371
101370
213
235
212
227
228
229
1514
1516
5090
5092
100147
101935
101564
101567
101390
329
331
327
330
2522
2523
100051
100053
101839
101841
101550
101547
101542
101561
101546
403
414
5714
101566
101568
1719
1721
1610
5186
101460
101474
101452
101471
101453
101454
101468
101463
101467
7634
313
310
305
324
309
1716
1314
99943
101731
99954
101742
79443
79444
1875
1876
1861
101478
100140
101928
100143
101931
101640
101651
493
1223
1497
5073
1508
5084
100126
101914
100123
101911
100118
100137
101906
101925
100122
101910
100239
101479
241
1405
100034
101822
100045
101833
1726
1723
242
1740
1745
1730
1748
1746
1731
1603
5179
1606
5182
100145
101933
1589
5165
1586
5162
1581
1600
5157
5176
1585
5161
100218
100232
100210
100229
100211
100212
100226
100221
100225
1724
1722
101359
101381
101358
101373
101374
101375
223
237
215
234
216
217
231
226
230
100146
101934
101389
2521
100142
100144
101930
101932
101473
101476
1608
101549
1718
1720
101560
402
101475
101477
1609
101459
101456
101451
101470
101455
312
323
99942
101730
79442
1874
1605
238
240
236
239
1743
1744
1729
1588
1599
222
219
214
233
218
311
221
232
220
921
1171
714
1104
622
1196
1194
618
624
738
648
646
1170
1190
1080
1172
1166
642
620
621
713
709
1193
715
1105
1103
1202
1192
805
630
645
1169
1168
644
654
1099
1197
739
737
625
1204
711
1203
712
1178
1079
649
733
1081
656
1102
1075
655
1111
631
1173
1101
632
1201
721
619
829
629
653
800
804
716
1106
1179
736
1191
1180
735
989
745
806
1078
1113
1077
1112
1014
1012
1167
1177
643
566
722
1198
723
740
1087
626
1110
1205
710
1008
747
720
746
650
802
803
1082
657
1174
1100
830
828
633
1200
744
1011
1020
617
824
812
1010
628
1088
988
652
922
1189
1089
717
1107
990
734
1181
807
984
1114
1076
1086
567
641
1015
568
1165
1187
1176
1188
1022
1021
639
724
640
827
741
813
826
1109
836
814
708
658
748
719
987
659
986
801
811
1019
895
1083
1098
634
635
831
1199
996
743
923
838
616
837
1009
1182
1096
627
1097
1115
651
1090
732
1116
991
1183
569
808
1185
1074
1085
835
893
1016
730
1164
731
894
1186
637
1175
1023
725
749
997
726
638
750
998
660
825
636
1108
707
815
718
929
995
985
799
1184
810
919
1018
915
832
1091
615
1007
742
1094
924
839
1095
1117
931
1092
930
728
904
992
905
570
1005
1073
727
1024
1006
1163
1084
729
834
892
1025
902
918
751
928
917
823
706
1093
999
661
816
817
821
822
798
983
994
809
1017
840
614
899
841
925
1118
932
1162
1003
1072
1026
906
571
1004
1000
890
833
901
752
916
927
705
818
819
1001
662
820
797
982
613
993
842
612
1002
933
611
934
1161
1119
574
1071
908
1160
1027
907
573
572
704
889
1159
914
900
610
703
753
926
665
912
913
702
796
664
663
981
843
1122
935
701
1158
1070
609
1121
1120
909
1069
1028
888
575
589
588
1068
910
1157
756
795
755
754
911
794
980
700
666
680
679
793
844
792
936
1067
1031
608
1123
1137
1136
887
1030
1029
577
599
576
591
592
593
1066
1156
979
757
771
770
699
978
668
690
667
682
683
684
791
977
847
846
845
937
886
607
885
1125
1147
1124
1139
1140
1141
884
1032
1046
1045
587
601
579
598
580
581
595
590
594
1065
1155
883
759
781
758
773
774
775
976
698
940
678
692
670
689
671
672
686
681
685
790
975
848
862
861
605
939
938
606
1135
1149
1127
1146
1128
1129
1143
1138
1142
600
603
882
1153
1034
1056
1033
1048
1049
1050
586
583
578
597
582
1064
1154
602
604
696
769
783
761
780
762
763
777
772
776
691
694
697
677
674
669
688
673
789
974
850
872
849
864
865
866
1148
1151
941
955
954
693
695
1150
1152
1134
1131
1126
1145
1130
1062
881
1044
1058
1036
1055
1037
1038
1052
1047
1051
585
596
1063
782
785
768
765
760
779
764
787
676
687
788
973
860
874
852
871
853
854
868
863
867
943
965
942
957
958
959
784
786
1059
1061
1057
1060
1133
1144
880
1043
1040
1035
1054
1039
584
767
778
971
675
972
873
876
859
856
851
870
855
953
967
945
964
946
947
961
956
960
878
1132
879
1042
1053
875
877
968
970
766
966
969
858
869
952
949
944
963
948
1041
857
951
962
950
1652
1653
1656
1654
1649
1648
1647
1655
1662
1664
1676
1675
1672
1646
1658
1659
1671
1677
1674
1669
1668
1670
1678
1657
1673
1667
1679
1660
1665
1666
1681
1663
1661
1680
1682
1683
1685
1684
1607
1742
1768
1769
1784
1785
1783
1788
1786
1782
1771
1787
1770
1779
1772
1781
1780
1773
1790
1774
1767
1766
1794
1796
1804
1791
1778
1803
1775
1801
1800
1802
1776
1777
1789
1805
1799
1792
1797
1798
1795
1793
1814
1815
1830
1831
1832
1829
1834
1833
1828
1817
1825
1816
1818
1808
1836
1827
1826
1819
1807
1820
1837
1824
1821
1809
1806
1838
1835
1822
1823
1810
1840
1842
1843
1811
1839
1841
1844
1845
1813
1812
1496
1587
1900
1901
1916
1917
1915
1920
1918
1914
1903
1919
1902
1911
1894
1904
1913
1912
1905
1922
1923
1890
1893
1906
1910
1907
1889
1895
1892
1908
1909
1921
1888
1896
1924
1887
1897
1925
1886
1891
1899
1898
1926
1928
1946
1947
1962
1963
1964
1961
1966
1965
1960
1949
1957
1948
1950
1940
1968
1959
1958
1951
1939
1936
1952
1969
1956
1953
1933
1932
1935
1941
1938
1970
1967
1954
1955
1934
1937
1931
1942
1972
1974
1929
1930
1975
1943
1971
1973
1976
1977
1927
2003
1945
1978
2002
2001
1944
1979
1992
2000
1998
1981
1989
2005
1991
1996
1999
1997
1983
1985
1980
1988
1986
1990
1987
1982
1984
2004
1994
1995
1993
2032
2033
2094
2048
2049
2047
2052
2050
2046
2035
2034
2051
2043
2026
2036
2045
2044
2037
2022
2025
2038
2042
2039
2021
2027
2024
2040
2041
2020
2028
2019
2029
2018
2023
2031
2017
2030
2016
2015
2014
2013
2011
2009
2012
2010
2007
2008
2058
2060
2078
2079
2095
2096
2093
2098
2097
2092
2081
2158
2089
2080
2082
2072
2100
2091
2090
2154
2083
2157
2054
2055
2071
2068
2084
2101
2153
2088
2085
2159
2156
2065
2064
2067
2073
2070
2099
2086
2102
2066
2152
2087
2053
2160
2069
2063
2074
2104
2106
2151
2161
2056
2061
2062
2107
2075
2103
2105
2150
2108
2155
2109
2163
2059
2057
2077
2135
2149
2110
2162
2076
2148
2134
2133
2111
2113
2147
2124
2146
2132
2130
2115
2117
2112
2121
2137
2145
2123
2143
2128
2131
2129
2120
2118
2114
2116
2122
2119
2136
2141
2126
2144
2142
2127
2139
2140
2125
2138
2006
2164
2165
2180
2181
2179
2184
2182
2178
2167
2166
2183
2175
2168
2177
2176
2169
2186
2187
2170
2190
2192
2204
2203
2200
2174
2171
2197
2196
2285
2199
2205
2172
2198
2202
2173
2185
2201
2195
2284
2188
2193
2194
2283
2191
2189
2210
2211
2226
2227
2228
2225
2230
2229
2224
2213
2221
2212
2214
2222
2232
2223
2215
2216
2233
2220
2217
2231
2218
2234
2219
2206
2236
2238
2207
2239
2235
2237
2240
2282
2241
2209
2242
2267
2281
2208
2243
2280
2266
2265
2245
2279
2256
2278
2264
2262
2247
2249
2253
2269
2277
2255
2275
2260
2263
2261
2252
2250
2246
2248
2254
2251
2268
2273
2258
2276
2274
2259
2271
2272
2257
2270
2296
2297
2312
2313
2311
2316
2314
2310
2299
2298
2315
2307
2290
2300
2309
2308
2301
2318
2319
2286
2289
2302
2306
2303
2291
2288
2304
2317
2305
2292
2320
2293
2287
2321
2295
2294
2322
2323
2324
2325
2244
2342
2343
2358
2359
2360
2357
2362
2361
2356
2345
2353
2344
2336
2346
2354
2364
2355
2347
2335
2332
2329
2348
2328
2365
2352
2349
2331
2330
2337
2334
2363
2333
2350
2327
2366
2351
2338
2368
2326
2370
2339
2371
2367
2369
2372
2373
2341
2374
2399
2340
2375
2398
2397
2377
2388
2396
2394
2379
2381
2376
2385
2401
2387
2392
2395
2393
2384
2382
2378
2380
2386
2383
2400
2405
2390
2391
2403
2404
2389
2402
2428
2429
2444
2445
2443
2448
2446
2442
2431
2430
2447
2439
2422
2432
2441
2440
2433
2450
2451
2418
2421
2434
2438
2435
2417
2423
2420
2436
2437
2416
2424
2415
2425
2414
2419
2427
2413
2426
2412
2411
2410
2409
2407
2408
2454
2456
2474
2475
2477
2485
2476
2468
2478
2479
2467
2461
2460
2464
2480
2484
2481
2449
2463
2462
2469
2465
2459
2466
2482
2483
2452
2457
2470
2458
2455
2453
2471
2473
2472
2406
2560
2561
2563
2562
2554
2564
2565
2550
2553
2549
2555
2552
2548
2556
2547
2557
2546
2551
2559
2531
2545
2558
2544
2530
2529
2543
2542
2528
2526
2533
2541
2539
2527
2532
2537
2540
2538
2535
2536
2534
2586
2588
2600
2593
2592
2599
2596
2568
2581
2569
2594
2595
2597
2591
2601
2598
2584
2589
2590
2602
2587
2585
2603
2605
2604
2606
2607
2622
2682
2685
2681
2684
2680
2679
2678
2683
2663
2677
2676
2662
2661
2675
2652
2674
2660
2658
2648
2646
2649
2665
2673
2651
2671
2656
2659
2657
5184
5185
2650
2647
5181
5183
5072
2664
2669
2654
2672
2670
2655
5164
5175
2667
2668
2653
5163
2666
2692
2693
3074
3050
2983
3165
3232
3140
3136
3142
3256
3166
3164
3160
3138
3139
3231
3227
3233
3323
3148
3163
3162
3172
3257
3255
3143
3229
3230
3167
3251
3174
3173
3149
3150
3239
3137
3347
3147
3171
3318
3322
3234
3254
3253
3263
3324
3161
3240
3241
3258
3144
3228
3265
3238
3264
3168
3320
3321
3175
3348
3346
3151
3414
3262
3135
3342
3330
3146
3170
3235
3252
3325
3159
3157
3242
3439
3158
3345
3259
3331
3344
3354
3332
3226
3176
3266
3237
3177
3409
3319
3329
3413
3152
3415
3153
3438
3349
3261
3356
3134
3355
3145
3169
3250
3248
3249
3412
3155
3243
3267
3244
3156
3268
3178
3154
3225
3236
3133
3260
3246
3245
3247
3269
3224
3179
3132
3270
3223
3180
3131
3130
3129
3222
3128
3221
3271
3183
3220
3182
3181
3219
3127
3274
3273
3272
3218
3184
3198
3197
3126
3275
3217
3186
3208
3185
3200
3201
3202
3277
3276
3216
3196
3210
3188
3207
3189
3190
3204
3199
3203
3214
3279
3280
3281
3209
3212
3215
3195
3192
3187
3206
3191
3211
3213
3283
3278
3282
3194
3205
3285
3193
3284
3440
3441
3326
3353
3411
3444
3442
3343
3333
3421
3317
3328
3437
3416
3433
3350
3357
3422
3423
3352
3410
3420
3436
3435
3341
3443
3334
3335
3339
3340
3316
3327
3358
3417
3359
3424
3408
3351
3419
3434
3336
3337
3338
3315
3360
3426
3425
3407
3432
3418
3430
3431
3314
3361
3427
3406
3428
3445
3313
3429
3312
3311
3362
3310
3405
3289
3288
3309
3365
3364
3363
3404
3403
3402
3401
3299
3291
3292
3293
3308
3366
3380
3379
3400
3287
3301
3298
3295
3290
3294
3307
3368
3390
3367
3382
3383
3384
3399
3300
3303
3286
3297
3305
3306
3378
3392
3370
3389
3371
3372
3386
3381
3385
3302
3304
3398
3296
3391
3394
3377
3374
3369
3388
3373
3396
3397
3393
3395
3376
3387
3375
3450
3452
3470
3471
3486
3487
3488
3485
3490
3489
3484
3473
3481
3472
3474
3464
3492
3483
3482
3475
3463
3460
3476
3493
3480
3446
3447
3477
3459
3465
3462
3494
3491
3478
3479
3457
3456
3458
3466
3496
3498
3461
3455
3499
3467
3495
3497
3500
3501
3448
3453
3454
3469
3502
3451
3449
3525
3468
3503
3516
3524
3522
3505
3513
3515
3520
3523
3521
3507
3509
3504
3514
3511
3518
3519
3512
3510
3506
3508
3517
3556
3557
3572
3573
3571
3576
3574
3570
3559
3575
3558
3567
3550
3560
3569
3568
3561
3546
3549
3562
3563
3545
3551
3548
3564
3565
3544
3552
3543
3553
3542
3547
3555
3527
3541
3554
3540
3526
3539
3538
3529
3537
3535
3528
3533
3536
3534
3531
3532
3530
3582
3584
3596
3595
3592
3578
3579
3566
3591
3597
3594
3589
3588
3590
3577
3598
3593
3587
3599
3580
3585
3586
3601
3583
3581
3600
3602
3603
3618
3619
3620
3617
3622
3682
3621
3616
3613
3678
3606
3681
3624
3615
3614
3607
3677
3683
3680
3608
3625
3612
3609
3676
3684
3626
3623
3610
3611
3675
3685
3628
3630
3674
3679
3631
3627
3629
3632
3633
3659
3673
3634
3672
3658
3657
3635
3671
3648
3670
3656
3654
3637
3645
3661
3669
3647
3667
3652
3655
3653
3639
3641
3636
3646
3643
3644
3642
3660
3665
3650
3668
3666
3651
3638
3640
3663
3664
3649
3662
3688
3689
3704
3705
3703
3708
3706
3702
3691
3707
3690
3699
3692
3701
3700
3693
3710
3711
3694
3698
3695
3696
3697
3714
3716
3724
3721
3720
3723
3722
3709
3725
3719
3712
3717
3718
3715
3713
3687
3686
3734
3735
3750
2959
2892
3075
3073
3049
3751
3045
3051
2984
2982
3069
2958
2978
3752
2868
2960
2954
3749
3754
3048
3047
3072
3081
3071
2981
2893
2891
2990
2980
3057
3076
2957
2956
2887
3083
3052
3082
2985
2992
2991
2966
2867
2869
3058
3080
3753
3748
2890
2863
3059
2899
2961
2889
2989
3737
3046
3056
3070
3745
2894
2967
3736
2979
2968
2777
2866
2901
2865
2900
2802
2800
3077
2955
2965
3084
3738
3053
3728
2986
2875
2898
2623
2993
2796
2870
3079
3756
3747
3746
3060
2962
2888
2988
3739
3044
2624
2799
3055
3068
2708
2808
3605
2798
2621
2876
2776
2626
2710
2977
2877
2895
2778
3066
3067
2969
2772
2902
2864
3604
2874
3085
2803
3086
2953
2975
2964
2976
2810
3727
2994
2809
2995
2897
3740
2775
3061
2774
3757
2807
2871
3078
3744
3062
2886
2707
3043
2987
3741
2625
2784
2609
2711
3054
2620
2709
2797
2970
2884
3064
2885
2903
2878
2904
3065
2617
2779
2971
3087
2608
2973
2862
2873
2804
2952
2974
2996
2963
3063
2811
3729
2785
3726
2786
2896
3758
3755
2610
3742
2717
2695
2783
2773
2706
2972
2806
3743
3042
2694
2618
2879
2628
2619
2795
2611
2703
2882
2712
2883
2905
2686
2719
2880
2718
2780
3088
2793
2861
2812
2794
2951
2872
2696
2813
2997
2716
3730
3760
2881
2787
3762
2704
2697
2771
2612
2782
2705
3041
2805
2629
2616
2613
2713
2906
2720
2950
2791
2860
2814
3089
2792
2788
2998
3763
2698
2715
3731
2789
3759
3761
3040
3764
2770
2699
2627
2614
2781
2702
3039
2630
3765
3038
2790
2721
2615
2722
2687
2949
2907
3092
2859
3001
2948
2815
3091
3090
2947
3000
2999
3037
2700
2714
3791
3805
3733
2769
3766
2632
2701
2910
2634
2723
3036
2946
2858
2688
2909
2908
2857
2816
3093
3107
3106
2856
2945
3002
3016
3015
3804
3790
3789
3732
2768
2635
3767
2631
2633
2636
2724
3035
2855
2819
2689
2911
2925
2924
2818
2817
3095
3117
3094
3109
3110
3111
2854
2944
2767
3004
3026
3003
3018
3019
3020
2637
3803
3780
3802
3788
3786
2766
3769
2765
2638
2725
3034
3125
2691
2913
2935
2912
2927
2928
2929
2820
2834
2833
3105
3119
3097
3116
3098
3099
3113
3108
3112
2853
2943
3014
3028
3006
3025
3007
3008
3022
3017
3021
2764
3777
3793
3801
3779
3799
3784
3787
3785
3771
3773
2728
3768
2763
3032
2639
3123
2727
2726
3033
3124
2690
2923
2937
2915
2934
2916
2917
2931
2926
2930
3118
3121
3027
3030
2941
2822
2844
2821
2836
2837
2838
3104
3101
3096
3115
3776
3774
3100
2852
2942
3778
3775
3120
3122
3013
3010
3005
3024
3029
3031
3009
3770
3772
3792
3797
3782
3800
3798
3783
2762
2641
2936
2939
2729
2743
2742
2938
2940
2922
2919
2914
2933
2918
2850
2832
2846
2824
2843
2825
2826
2840
2835
2839
3103
3114
2851
3012
3023
3795
3796
3781
2643
2645
2761
2640
2731
2753
2730
2745
2746
2747
2847
2849
2845
2848
2921
2932
2831
2828
2823
2842
2827
3102
3011
3794
2759
2642
2644
2760
2741
2755
2733
2752
2734
2735
2749
2744
2748
2920
2830
2841
2756
2758
2754
2757
2740
2737
2732
2751
2736
2829
2739
2750
3820
3821
3836
3837
3835
3840
3838
3834
3823
3822
3839
3831
3814
3824
3833
3832
3825
3842
3843
3810
3813
3826
3830
3827
3809
3815
3812
3828
3829
3841
3808
3816
3844
3807
3817
3806
3845
3811
3819
3818
3846
3848
3866
3867
3882
3883
3884
3881
3886
3885
3880
3869
3877
3868
3870
3860
3888
3879
3878
3871
3859
3856
3872
3889
3876
3873
3853
3852
3855
3861
3858
3887
3874
3890
3854
3875
3857
3851
3862
3892
3894
3849
3850
3895
3863
3891
3893
3896
3897
3847
3865
3923
3898
3864
3922
3921
3899
3901
3912
3920
3918
3903
3905
3900
3909
3925
3911
3916
3919
3917
3908
3906
3902
3904
3910
3907
3924
3914
3915
3913
3952
3953
3968
4014
3969
3967
3972
3970
3966
3955
3954
3971
3963
3946
3956
3965
3964
3957
3942
3945
3958
3962
3959
3941
3947
3944
3960
3961
3940
3948
3939
3949
3938
3943
3951
3937
3950
3936
3935
3934
3933
3931
3929
3932
3930
3927
3928
3926
3978
3980
3998
3999
4015
4016
4013
4018
4017
4012
4001
4009
4000
4078
3992
4002
4010
4020
4011
3974
3975
4003
4074
4077
3991
3988
4004
4021
4008
3985
3984
4005
4073
4079
3987
4076
3993
3986
3990
4019
4006
3973
4022
4007
3989
3983
4072
4080
3994
4024
4026
3976
3981
3982
4071
4081
3995
4027
4023
4025
4028
3979
3977
4070
4075
4029
4083
3997
4030
4055
4069
4082
3996
4031
4068
4054
4053
4033
4067
4044
4066
4052
4050
4035
4037
4032
4041
4057
4065
4043
4063
4048
4051
4049
4040
4038
4034
4036
4042
4039
4056
4061
4046
4064
4062
4047
4059
4060
4045
4058
4084
4085
4100
4101
4099
4104
4102
4098
4087
4086
4103
4095
4088
4097
4096
4089
4106
4107
4090
4094
4110
4112
4124
4123
4120
4091
4117
4116
4092
4119
4205
4118
4105
4093
4125
4122
4121
4115
4204
4108
4113
4114
4203
4111
4109
4130
4131
4146
4147
4148
4145
4150
4149
4144
4133
4141
4132
4134
4142
4152
4143
4135
4136
4153
4140
4137
4151
4138
4154
4139
4126
4156
4158
4127
4159
4155
4157
4160
4202
4161
4129
4162
4187
4201
4128
4163
4200
4186
4185
4165
4199
4176
4198
4184
4182
4167
4169
4173
4189
4197
4175
4195
4180
4183
4181
4172
4170
4166
4168
4174
4171
4188
4193
4178
4196
4194
4179
4191
4192
4177
4190
4216
4217
4232
4233
4231
4236
4234
4230
4219
4218
4235
4227
4210
4220
4229
4228
4221
4238
4239
4206
4209
4222
4226
4223
4211
4208
4224
4237
4225
4212
4240
4213
4207
4241
4215
4214
4242
4243
4244
4245
4164
4262
4263
4278
4279
4280
4277
4282
4281
4276
4265
4273
4264
4256
4266
4274
4284
4275
4267
4255
4249
4248
4252
4268
4285
4272
4269
4251
4250
4257
4253
4247
4254
4283
4270
4286
4271
4258
4246
4288
4290
4259
4291
4287
4289
4292
4293
4261
4294
4319
4260
4295
4318
4317
4297
4308
4316
4314
4299
4301
4296
4305
4321
4307
4312
4315
4313
4304
4302
4298
4300
4306
4303
4320
4325
4310
4311
4323
4324
4309
4322
4348
4349
4364
4365
4363
4368
4366
4351
4362
4350
4359
4367
4342
4352
4360
4361
4353
4370
4338
4371
4341
4354
4358
4355
4337
4343
4340
4356
4357
4336
4344
4335
4345
4334
4339
4347
4333
4346
4332
4331
4330
4329
4327
4328
4374
4376
4394
4395
4862
4680
4410
4565
4411
4412
4409
4414
4413
4408
4406
4416
4407
4417
4415
4418
4420
4422
4423
4419
4421
4424
4425
4426
4427
4429
4440
4431
4433
4428
4436
4434
4437
4439
4444
4445
4430
4432
4438
4435
4442
4443
4441
4480
4481
4838
4929
4771
4953
4747
5020
4863
4861
4837
4833
4839
4928
4772
4770
4924
4930
4857
5044
4954
4952
4746
4766
4656
4748
4742
4948
4836
4835
4860
4926
4927
4869
5019
4859
5015
4769
5021
4681
4679
4778
4768
4845
4936
4951
4864
4745
4744
4950
4960
4675
4871
4840
4589
4870
4773
5045
5043
4931
4780
5017
4779
5018
4754
4655
4955
5039
4657
4846
4868
4962
4678
4651
4847
4961
4687
4937
4749
4677
4938
4777
5027
4834
4844
4925
4858
4935
4959
5022
4682
4755
5042
4767
4756
5041
4654
4689
4653
4688
4590
4588
4865
4743
4753
4949
4872
4841
5028
4774
5029
4663
4932
4686
4781
5016
4584
5026
4956
4658
4867
4963
4848
4750
4676
4939
4776
4832
4587
4843
4856
4496
4596
4923
4586
4934
4664
4564
4958
4498
4765
4665
5023
4683
4566
4854
4855
5040
4757
4560
4690
4652
4662
4873
4947
4591
4874
4741
4763
4752
4764
4598
4782
4597
4783
4945
5030
4946
4685
5014
4964
5025
4563
4849
4965
4562
4595
4659
4866
4850
4674
4940
4941
4495
4831
4775
4572
4397
4499
4842
4922
4497
4585
4758
4672
4852
4933
4673
4691
4957
4666
5038
4692
4853
4405
4567
4759
4875
4396
4761
4650
4661
4592
5036
4740
5037
4762
4943
4784
4751
4851
4599
5031
4573
5032
4944
4388
4574
4966
4942
4684
5013
4398
5024
4505
4483
4571
4561
4494
4760
4594
4830
4482
4667
4921
4583
4399
4491
4670
4500
4671
4693
4474
4507
4668
4506
5034
4568
4876
4381
4581
4649
5033
4600
4380
4582
4739
4660
4484
5035
4601
4785
4504
4387
4384
5012
4669
4575
4967
4492
4485
4559
4400
4570
4493
4829
4593
4920
4404
4470
4369
4401
4501
4473
4694
4508
4382
4738
4579
4648
4602
4383
4877
4580
4385
4379
4576
4786
4486
4503
5011
4389
4577
4968
4386
4828
4558
4919
4487
4402
4569
4490
4827
4918
4469
4826
4578
4509
4917
4403
4510
4475
4737
4695
4880
4647
4472
4789
4736
4603
4879
4878
4372
4377
4378
5010
4735
4916
4788
4787
4825
5009
4488
4502
4971
4390
5008
4970
4969
4557
4489
4698
4468
4511
5007
4824
4734
4646
4915
4476
4697
4696
4645
4604
4881
4895
4894
4375
4373
4644
4733
4790
4804
4803
4391
4556
5006
4972
4986
4985
4467
4512
4823
4643
4607
4914
4477
4699
4713
4712
4606
4605
4883
4905
4882
4897
4898
4899
4642
4732
4555
4792
4814
4791
4806
4807
4808
4393
5005
4466
4554
4974
4996
4973
4988
4989
4990
4553
4471
4513
4822
4913
4479
4701
4723
4700
4715
4716
4717
4608
4622
4621
4893
4907
4885
4904
4886
4887
4901
4896
4900
4641
4731
4802
4816
4794
4813
4795
4796
4810
4805
4809
4552
4392
5004
4451
4465
4516
4984
4998
4976
4995
4977
4978
4992
4987
4991
4551
4820
4911
4515
4514
4821
4912
4478
4711
4725
4703
4722
4704
4705
4719
4714
4718
4906
4909
4815
4818
4729
4610
4632
4609
4624
4625
4626
4892
4889
4884
4903
4888
4640
4730
4908
4910
4801
4798
4793
4812
4817
4819
4797
5002
4997
5000
5003
4464
4450
4449
4983
4980
4975
4994
4979
4550
4724
4727
4517
4531
4530
4999
5001
4726
4728
4710
4707
4702
4721
4706
4638
4620
4634
4612
4631
4613
4614
4628
4623
4627
4891
4902
4639
4800
4811
4463
4462
4448
4446
4982
4993
4549
4519
4541
4518
4533
4534
4535
4635
4637
4633
4636
4326
4709
4720
4619
4616
4611
4630
4615
4890
4799
4453
4461
4459
4447
4547
4981
4548
4529
4543
4521
4540
4522
4523
4537
4532
4536
4708
4618
4629
4544
4546
4542
4545
4452
4457
4460
4458
4528
4525
4520
4539
4524
4617
4455
4456
4527
4538
4454
2738
4526
5228
5229
5232
5230
5209
5225
5221
5210
5211
5208
5224
5223
5231
5212
5207
5222
5234
5235
5214
5213
5220
5206
5218
5219
5215
5216
5238
5240
5245
5244
5233
5217
5243
5236
5241
5242
5239
5237
5258
5259
5274
5275
5276
5273
5278
5277
5272
5261
5269
5260
5262
5252
5280
5271
5270
5263
5251
5248
5264
5281
5268
5265
5247
5253
5250
5282
5279
5266
5267
5246
5254
5284
5286
5249
5287
5255
5283
5285
5288
5289
5315
5257
5290
5314
5313
5291
5304
5312
5310
5293
5301
5317
5325
5303
5323
5308
5311
5309
5295
5297
5292
5302
5299
5316
5321
5306
5324
5322
5307
5300
5298
5294
5296
5319
5320
5305
5318
5344
5345
5360
5361
5359
5364
5362
5358
5347
5363
5346
5355
5338
5348
5357
5356
5349
5334
5337
5350
5354
5351
5333
5339
5336
5352
5353
5365
5332
5340
5331
5341
5330
5335
5343
5329
5342
5328
5256
5327
5326
5370
5372
5390
5391
5406
5407
5408
5405
5410
5409
5404
5393
5401
5392
5394
5384
5412
5403
5402
5395
5383
5380
5366
5367
5396
5413
5400
5397
5379
5385
5382
5377
5376
5414
5411
5398
5399
5378
5386
5416
5381
5375
5418
5419
5387
5415
5417
5368
5373
5374
5420
5421
5389
5371
5369
5422
5445
5388
5423
5436
5444
5442
5425
5433
5435
5440
5443
5441
5427
5429
5424
5434
5431
5432
5430
5438
5439
5426
5428
5437
5476
5477
5492
5493
5491
5496
5494
5490
5479
5495
5478
5487
5470
5480
5489
5488
5481
5466
5469
5482
5483
5465
5471
5468
5484
5485
5464
5472
5463
5473
5462
5467
5475
5447
5461
5474
5460
5446
5459
5458
5449
5457
5455
5448
5453
5456
5454
5451
5452
5450
5502
5504
5516
5498
5499
5515
5512
5486
5509
5508
5511
5517
5514
5510
5497
5513
5507
5518
5500
5505
5506
5519
5503
5501
5521
5520
5522
5523
5538
5539
5540
5537
5542
5602
5541
5536
5533
5526
5598
5601
5544
5535
5534
5527
5597
5528
5603
5545
5532
5600
5529
5596
5546
5543
5530
5604
5531
5548
5595
5550
5605
5551
5594
5547
5549
5599
5552
5553
5579
5593
5554
5592
5578
5577
5555
5591
5568
5590
5576
5574
5557
5565
5581
5589
5567
5587
5572
5575
5573
5559
5561
5556
5564
5562
5566
5563
5558
5560
5580
5585
5570
5588
5586
5571
5583
5584
5569
5582
5608
5609
5624
5625
5623
5628
5626
5622
5611
5610
5627
5619
5612
5621
5620
5613
5630
5631
5614
5618
5615
5616
5617
5634
5636
5644
5641
5640
5643
5642
5629
5645
5639
5632
5637
5638
5635
5633
5607
5606
5654
5655
5670
5671
5672
5669
5674
5673
5668
5657
5665
5656
5658
5648
5525
5524
5676
5667
5666
5659
5647
5660
5677
5664
5661
5649
5646
5675
5662
5678
5663
5650
5680
5682
5683
5651
5679
5681
5684
5685
5653
5652
5740
5741
5756
5757
5755
5760
5758
5754
5743
5742
5759
5751
5734
5744
5753
5752
5745
5762
5763
5730
5733
5746
5750
5747
5729
5735
5732
5748
5749
5761
5728
5736
5764
5727
5737
5726
5765
5731
5739
5738
5766
5768
5786
5787
5802
5803
5804
5801
5806
5805
5800
5789
5797
5788
5780
5790
5798
5808
5799
5791
5779
5776
5792
5809
5796
5773
5772
5793
5775
5781
5774
5778
5807
5794
5810
5795
5777
5771
5782
5812
5814
5769
5770
5783
5815
5811
5813
5816
5767
5817
5785
5818
5843
5784
5819
5842
5841
5821
5832
5840
5838
5823
5825
5820
5829
5845
5831
5836
5839
5837
5828
5826
5822
5824
5830
5827
5844
5834
5835
5833
5872
5873
5888
5934
5889
5887
5892
5890
5886
5875
5874
5891
5883
5866
5876
5885
5884
5877
5862
5865
5878
5882
5879
5861
5867
5864
5880
5881
5860
5868
5859
5869
5858
5863
5871
5857
5870
5856
5855
5854
5853
5851
5849
5852
5850
5847
5848
5846
5898
5900
5918
5919
5935
5936
5933
5938
5937
5932
5921
5929
5920
5912
5998
5922
5894
5895
5930
5940
5931
5923
5994
5911
5997
5908
5905
5924
5904
5941
5928
5925
5907
5993
5906
5893
5913
5999
5910
5996
5939
5909
5926
5903
5942
5927
5992
5914
6000
5944
5896
5901
5902
5946
5991
5915
6001
5947
5943
5945
5899
5897
5948
5990
5949
5995
5917
6003
5950
5975
5989
5916
6002
5951
5988
5974
5973
5953
5987
5964
5986
5972
5970
5955
5957
5952
5961
5977
5985
5963
5983
5968
5971
5969
5960
5958
5954
5956
5962
5959
5976
5981
5966
5984
5982
5967
5979
5980
5965
5978
6004
6005
6020
6021
6019
6024
6022
6018
6007
6006
6023
6015
6008
6017
6016
6009
6026
6027
6010
6014
6011
6030
6032
6044
6043
6037
6036
6040
6012
6025
6013
6039
6038
6045
6041
6035
6042
6028
6033
6034
6031
6029
6050
6051
6066
6067
6068
6065
6070
6069
6064
6053
6061
6052
6054
6062
6072
6063
6055
6056
6073
6060
6057
6125
6071
6058
6074
6059
6046
6124
6076
6078
6047
6079
6123
6075
6077
6080
6081
6122
6049
6082
6107
6121
6048
6083
6120
6106
6105
6085
6119
6096
6118
6104
6102
6087
6089
6093
6109
6117
6095
6115
6100
6103
6101
6092
6090
6086
6088
6094
6091
6108
6113
6098
6116
6114
6099
6111
6112
6097
6110
6136
6137
6152
6153
6151
6156
6154
6139
6150
6138
6147
6155
6130
6140
6148
6149
6141
6158
6126
6159
6129
6142
6146
6143
6131
6128
6144
6157
6145
6132
6160
6133
6127
6161
6135
6134
6162
6163
6164
6165
6084
6182
6183
6198
6199
6200
6197
6202
6201
6185
6196
6193
6184
6176
6186
6194
6204
6195
6187
6169
6168
6175
6172
6188
6205
6192
6189
6170
6171
6173
6167
6177
6174
6203
6190
6206
6191
6166
6178
6208
6210
6179
6211
6207
6209
6212
6213
6181
6214
6180
6239
6215
6238
6237
6217
6228
6236
6234
6219
6221
6216
6224
6222
6225
6241
6227
6232
6235
6233
6218
6220
6226
6223
6240
6245
6230
6231
6243
6244
6229
6242
6268
6269
6650
6626
6717
6559
6741
6535
6808
6468
6651
6649
6625
6621
6627
6716
6560
6558
6712
6718
6645
6832
6742
6740
6534
6554
6444
6536
6530
6736
6624
6623
6648
6714
6715
6657
6807
6647
6803
6557
6809
6469
6467
6566
6556
6633
6899
6724
6739
6652
6533
6532
6738
6748
6463
6659
6628
6377
6658
6561
6833
6831
6719
6568
6805
6567
6806
6542
6443
6743
6827
6445
6634
6656
6750
6466
6439
6635
6749
6475
6725
6537
6465
6726
6565
6815
6622
6632
6713
6923
6646
6723
6747
6894
6898
6810
6470
6543
6830
6555
6544
6829
6353
6839
6900
6442
6477
6441
6476
6378
6376
6653
6531
6541
6737
6660
6629
6816
6562
6817
6834
6451
6720
6474
6569
6804
6372
6841
6814
6840
6744
6896
6897
6446
6655
6751
6636
6538
6464
6924
6922
6727
6990
6564
6620
6838
6375
6631
6644
6384
6711
6918
6906
6374
6722
6452
6352
6746
6553
6453
6811
6471
6354
6642
6643
6828
6545
6901
6348
6478
6440
6450
6661
6735
6379
6662
6529
6551
6540
6552
6386
6570
6385
6571
6733
6818
7015
6734
6921
6835
6907
6920
6473
6930
6908
6802
6752
6842
6813
6351
6637
6753
6350
6985
6895
6905
6383
6989
6447
6654
6638
6462
6728
6991
6729
7014
6925
6619
6563
6360
6837
6630
6932
6710
6931
6373
6546
6460
6640
6721
6461
6479
6745
6454
6826
6480
6641
6355
6547
6663
6902
6549
6438
6449
6929
6987
6380
6824
6528
6825
6988
6550
6731
6572
6539
6639
6387
6819
6843
6361
6820
6732
6844
6362
6754
6919
6730
6472
6801
6909
6997
6812
6359
6349
6893
6548
6904
6382
6618
6992
6926
6455
6709
6371
6836
6458
6933
6459
6481
6456
6822
6998
6356
6999
6664
6369
6437
6821
6388
6370
6527
6448
6823
6928
6986
6389
6996
6573
6845
6917
6800
6457
6363
6755
6910
6911
6915
6916
6892
6347
6358
6903
6617
6381
6934
6708
6993
6935
6482
6526
6367
6436
6390
7000
6665
6368
6364
6984
6927
6995
6574
6846
6799
6912
6913
6365
6756
6616
6914
6891
6346
6707
6357
6615
6936
6706
6614
6366
6705
6525
6483
6668
6435
7002
6577
6524
6391
7001
6667
6666
6798
6983
6523
6994
6704
6576
6575
6613
6797
6847
6759
6796
6890
6758
6757
6345
6937
6486
6795
6612
6522
6434
6703
6485
6484
7003
6433
6392
6982
6669
6683
6682
6432
7004
6521
6850
6889
6578
6592
6591
6849
6848
7005
6888
6344
6794
6760
6774
6773
6887
6938
6886
6611
6431
6395
6702
6487
6501
6500
6981
6394
6393
6671
6693
6670
6685
6686
6687
6430
6520
6343
6580
6602
6579
6594
6595
6596
6851
6865
6864
6793
6342
6762
6784
6761
6776
6777
6778
6885
6341
6941
6940
6939
6610
6980
6701
6979
6489
6511
6488
6503
6504
6505
6978
6396
6410
6409
6681
6695
6673
6692
6674
6675
6689
6684
6688
6429
6519
6977
6590
6604
6582
6601
6583
6584
6598
6593
6597
6853
6875
6852
6867
6868
6869
6340
6792
6772
6786
6764
6783
6765
6766
6780
6775
6779
6884
6339
6942
6956
6955
6608
6699
6609
6700
6499
6513
6491
6510
6492
6493
6507
6502
6506
6694
6697
6976
6603
6606
6517
6398
6420
6397
6412
6413
6414
6680
6677
6672
6691
6676
6428
6518
6696
6698
6589
6586
6581
6600
6605
6607
6585
6790
6863
6877
6855
6874
6856
6857
6871
6866
6870
6785
6788
6791
6771
6768
6763
6782
6767
6883
6338
6944
6966
6943
6958
6959
6960
6512
6515
6787
6789
6514
6516
6498
6495
6490
6509
6494
6426
6975
6408
6422
6400
6419
6401
6402
6416
6411
6415
6679
6690
6427
6876
6879
6588
6599
6862
6859
6854
6873
6858
6881
6770
6781
6882
6337
6954
6968
6946
6965
6947
6948
6962
6957
6961
6329
6878
6880
6423
6425
6421
6424
6497
6508
6974
6407
6404
6399
6418
6403
6678
6587
6861
6872
6335
6769
6336
6967
6970
6953
6950
6945
6964
6949
6331
6328
6972
6496
6973
6406
6417
6969
6332
6334
6860
6330
6333
6952
6963
6327
6405
6951
7016
7017
7020
7018
7013
7009
7012
7019
7026
7028
7040
7011
7039
7036
7010
7022
7023
7035
7041
7038
7008
7033
7006
7032
7007
7034
7042
7021
7037
7031
7043
7024
7029
7030
7045
7027
7025
7044
6971
7046
7047
7062
7063
7064
7061
