1023
22806
572
4444
53
641
4513
10321
548
4420
41
47
665
4537
479
4351
59
35
65
734
4606
455
4327
29
9610
573
4445
571
4443
640
4512
547
4419
758
4630
12374
386
4258
642
4514
549
4421
636
4508
71
52
126
543
4415
666
4538
664
4536
49
480
4352
478
4350
40
120
567
4439
46
123
23
61
37
9656
660
4532
733
4605
58
129
9611
77
454
4326
474
4346
729
4601
735
4607
827
4699
12443
34
117
55
64
132
456
4328
639
4511
43
570
4442
546
4418
362
4234
638
4510
545
4417
579
4451
450
4322
569
4441
17
28
114
9609
663
4535
477
4349
759
4631
12375
757
4629
12373
9614
672
4544
648
4520
555
4427
486
4358
662
4534
387
4259
385
4257
9612
167
574
4446
476
4348
163
67
732
4604
165
731
4603
31
453
4325
643
4515
73
550
4422
580
4452
9744
753
4625
12369
581
4453
452
4324
70
135
25
667
4539
48
124
851
4723
12467
481
4353
293
4165
169
381
4253
83
22
111
4545
4546
161
4613
12357
487
4359
191
171
488
4360
462
4334
578
4450
4698
12442
60
130
649
4521
556
4428
36
118
361
4233
4694
12438
159
4700
12444
76
138
650
4522
557
4429
4628
12372
11
363
4235
4608
193
384
4256
54
127
4637
12381
457
4329
42
121
4627
12371
4543
647
4519
9608
637
4509
189
554
4426
393
4265
544
4416
485
4357
357
4229
568
4440
383
4255
16
108
192
190
89
4632
12376
4614
12358
4533
9613
9605
463
4335
388
4260
173
475
4347
575
4447
51
4615
12359
79
920
4792
12536
4697
12441
4696
12440
464
4336
4639
12383
4638
12382
66
133
4724
12468
4722
12466
19
269
4141
360
4232
4612
12356
4602
394
4266
30
115
157
644
4516
395
4267
359
4231
72
136
551
4423
582
4454
294
4166
292
4164
461
4333
451
4323
24
112
63
4540
5
482
4354
39
194
195
4718
12462
85
175
4706
12450
82
141
188
4636
12380
4547
369
4241
187
13
489
4361
392
4264
45
577
4449
57
155
4701
12445
651
4523
288
4160
558
4430
10
105
364
4236
4609
4626
12370
458
4330
9607
566
4438
635
4507
4542
646
4518
9606
553
4425
542
4414
484
4356
382
4254
4721
12465
4730
12474
4720
12464
291
4163
919
4791
12535
4707
12451
564
4436
659
4531
300
4172
944
4816
12560
4787
12531
565
4437
33
473
4345
75
88
144
4633
12377
370
4242
268
4140
290
4162
4708
12452
69
921
4793
12537
95
9617
389
4261
27
200
583
4455
50
125
4616
78
139
371
4243
270
4142
4695
4705
584
4456
465
4337
657
4529
4640
658
4530
4725
18
109
4600
4611
177
368
4240
396
4268
471
4343
358
4230
472
4344
295
4167
460
4332
449
4321
264
4136
196
4548
62
131
4
102
4732
490
4362
38
119
4731
4549
491
4363
186
84
142
301
4173
302
4174
4635
153
12
106
91
391
4263
559
4431
44
122
576
4448
4789
652
4524
918
4790
197
56
128
653
4525
4729
267
4139
560
4432
7
4702
4624
266
4138
365
4237
185
299
4171
634
4506
380
4252
541
4413
4541
645
4517
552
4424
179
483
4355
4622
943
4815
927
4799
562
4434
4623
945
4817
97
4719
21
276
4148
201
563
4435
466
4338
32
116
378
4250
4641
81
74
137
379
4251
939
4811
289
4161
655
4527
585
4457
4617
4709
68
134
922
4794
94
147
4642
151
397
4269
4618
26
113
166
467
4339
372
4244
398
4270
271
4143
656
4528
4693
469
4341
4704
87
4599
1
4726
561
4433
470
4342
4610
367
4239
356
4228
4550
448
4320
296
4168
459
4331
654
4526
15
492
4364
170
4733
928
4800
162
303
4175
929
4801
4634
277
4149
942
4814
90
145
390
4262
4788
951
4823
941
4813
926
4798
278
4150
4728
468
4340
6
103
207
633
4505
275
4147
4620
198
540
4412
265
4137
168
164
298
4170
4621
953
4825
4619
4717
181
184
946
4818
96
148
373
4245
376
4248
5174
20
110
202
950
4822
4643
287
4159
377
4249
4715
4716
399
4271
4710
4711
174
80
140
952
4824
586
4458
923
4795
374
4246
208
199
158
4692
4598
209
272
4144
4703
447
4319
4734
172
86
143
0
100
160
355
4227
285
4157
4735
366
4238
286
4158
4551
493
4365
304
4176
14
107
9
305
4177
183
206
930
4802
93
375
4247
940
4812
4786
925
4797
279
4151
632
4504
539
4411
4727
274
4146
263
4135
297
4169
99
955
4827
4713
4712
947
4819
5173
203
4644
949
4821
4714
3
400
4272
587
4459
4597
20612
4691
446
4318
4736
176
210
20614
156
354
4226
283
4155
178
284
4156
306
4178
4552
494
4366
280
4152
154
8
104
205
631
4503
932
4804
538
4410
931
4803
92
146
938
4810
4785
281
4153
630
4502
924
4796
537
4409
936
4808
937
4809
262
4134
629
4501
273
4145
536
4408
954
4826
956
4828
98
149
5172
4596
282
4154
590
4462
20615
445
4317
4645
948
4820
4690
211
2
101
4595
401
4273
212
589
4461
588
4460
20613
353
4225
497
4369
4594
444
4316
4737
628
4500
20616
4555
307
4179
443
4315
535
4407
4554
4553
496
4368
495
4367
933
4805
20617
182
204
934
4806
4784
4593
180
152
935
4807
261
4133
627
4499
534
4406
957
4829
404
4276
4689
442
4314
5157
20645
5171
4648
213
4688
352
4224
4647
4646
150
403
4275
402
4274
4687
591
4463
605
4477
604
4476
351
4223
4592
4738
20618
308
4180
350
4222
441
4313
4556
4570
4569
498
4370
512
4384
511
4383
4686
4783
260
4132
626
4498
533
4405
958
4830
20644
20643
349
4221
214
4649
4663
4662
311
4183
405
4277
419
4291
418
4290
4685
593
4465
615
4487
592
4464
607
4479
608
4480
609
4481
4741
4591
4740
4739
20620
4782
310
4182
309
4181
348
4220
440
4312
4558
4580
4557
4572
4573
4574
4781
500
4372
522
4394
499
4371
514
4386
515
4387
516
4388
259
4131
4780
258
4130
4779
624
4496
625
4497
257
4129
531
4403
532
4404
959
960
20634
20642
20640
215
4651
4673
4650
4665
4666
4667
407
4279
429
4301
406
4278
421
4293
422
4294
423
4295
4684
603
4475
617
4489
595
4467
614
4486
596
4468
597
4469
611
4483
606
4478
610
4482
4589
4590
4742
4756
4755
20621
20619
312
4184
326
4198
325
4197
347
4219
438
4310
439
4311
4568
4582
4560
4579
4561
4562
4576
4571
4575
510
4382
524
4396
502
4374
521
4393
503
4375
504
4376
518
4390
513
4385
517
4389
4778
256
4128
218
623
4495
530
4402
255
4127
20631
20647
20633
20653
20638
20641
20639
217
216
4661
4675
4653
4672
4654
4655
4669
4664
4668
417
4289
431
4303
409
4281
428
4300
410
4282
411
4283
425
4297
420
4292
424
4296
616
4488
619
4491
4682
4683
602
4474
599
4471
594
613
4466
4485
598
4470
20623
4588
4744
4766
4743
4758
4759
4760
437
4309
314
4186
336
4208
313
4185
328
4200
329
4201
330
4202
345
4217
346
4218
4581
4584
4567
4564
4559
4578
4563
523
4395
526
4398
509
4381
506
4378
501
520
4373
4392
505
4377
4777
621
4493
528
4400
622
4494
529
4401
618
620
4490
4492
254
4126
4586
525
527
4397
4399
20632
20629
20646
20651
20636
20654
20652
20637
219
233
4105
232
4104
20625
20627
4674
4677
4660
4657
4652
4671
4656
4681
4583
4585
430
4302
433
4305
435
4307
416
4288
413
4285
408
427
4280
4299
412
4284
601
4473
612
4484
20622
4587
4754
4768
4746
4765
4747
4748
4762
4757
4761
344
4216
436
4308
324
4196
338
4210
316
4188
335
4207
317
4189
318
4190
332
4204
327
4199
331
4203
4566
4577
508
4380
519
4391
20630
20628
4775
4776
432
434
4304
4306
252
4124
253
4125
4679
20624
20626
4676
4678
20649
20650
20635
221
243
4115
220
235
4107
236
4108
237
4109
4659
4670
4680
415
4287
426
4298
342
4214
600
4472
4767
4770
4753
4750
4745
4764
4749
343
4215
337
4209
340
4212
323
4195
320
4192
315
334
4187
4206
319
4191
4565
507
4379
4774
339
341
4211
4213
251
4123
20648
231
4103
245
4117
223
242
4114
224
225
239
4111
234
4106
238
4110
4658
4769
4771
414
4286
4772
4752
4763
322
4194
333
4205
4773
249
4121
250
4122
244
4116
247
4119
230
4102
227
222
241
4113
226
4751
246
248
4118
4120
321
4193
229
4101
240
4112
228
972
973
980
1001
999
1000
1002
1024
1027
1025
1026
1022
1028
1029
1030
1033
1041
1037
1039
1040
1036
1042
1035
1043
1034
1044
1032
1038
1046
1031
1045
1017
1016
1015
1018
1013
1014
1021
1012
1019
1020
1010
1011
4100
1008
1009
1006
1007
1005
1004
1047
1048
1062
1063
1061
1066
1064
1051
1049
1060
1050
1065
1058
1059
1072
1074
1086
1085
1082
1057
1052
1068
1069
1053
1087
1081
1084
1056
1054
1079
1078
1055
1080
1088
1067
1083
1077
1089
1070
1075
1076
1073
1071
1092
1093
1108
1109
1110
1107
1112
1174
1106
1111
1095
1103
1094
1170
1173
1096
1105
1114
1104
1097
1169
1175
1172
1098
1115
1102
1099
1168
1116
1113
1100
1101
1167
1118
1120
1166
1171
1121
1117
1119
1122
1123
1151
1165
1091
1124
1164
1150
1149
1090
1126
1163
1140
1162
1148
1146
1127
1125
1137
1153
1161
1139
1159
1144
1147
1145
1129
1138
1135
1152
1157
1142
1160
1158
1143
1131
1133
1128
1136
1134
1155
1156
1141
1130
1132
1154
1180
1181
1196
1197
1195
1200
1198
1194
1183
1199
1304
1182
1191
1184
1193
1192
1185
1303
1203
1186
1302
1301
1176
1300
1177
1285
1299
1179
1298
1284
1283
1178
1206
1208
1216
1202
1190
1187
1215
1213
1212
1218
1214
1188
1189
1201
1217
1211
1204
1209
1210
1207
1205
1226
1227
1242
1243
1244
1241
1246
1240
1245
1229
1237
1228
1230
1220
1239
1248
1238
1231
1219
1232
1249
1236
1233
1221
1250
1247
1234
1235
1222
1252
1254
1255
1223
1251
1253
1256
1257
1225
1258
1224
1260
1297
1274
1296
1282
1280
1261
1271
1287
1295
1273
1293
1278
1281
1279
1263
1272
1269
1286
1291
1276
1294
1292
1277
1265
1267
1262
1270
1268
1264
1266
1289
1290
1275
1288
1314
1315
1330
1331
1329
1334
1332
673
674
741
826
1328
822
828
756
736
765
1317
755
671
1333
1316
1325
760
742
661
743
825
824
1308
767
766
1318
852
850
740
730
668
846
834
764
675
1327
829
1326
737
754
1319
670
849
1336
1337
858
848
835
915
761
836
1307
744
823
833
768
853
728
739
676
860
859
677
1320
763
917
1324
857
830
752
1321
669
1309
1306
1322
1323
1340
1342
1347
750
1346
751
847
769
745
837
770
746
821
832
727
854
738
678
861
762
916
856
1335
748
749
747
845
1345
771
843
844
838
839
1310
820
726
831
862
863
679
914
855
841
1338
1343
840
1344
772
842
725
819
1311
864
680
913
1341
1339
724
1305
773
818
723
1313
722
865
683
682
681
912
721
817
776
816
775
774
815
1312
720
866
684
698
697
814
911
777
791
790
813
869
719
868
867
910
686
708
685
700
701
702
909
908
907
962
779
801
778
793
794
795
812
717
718
870
884
883
1259
696
710
688
707
689
690
704
699
703
906
975
963
961
974
789
803
781
800
782
783
797
792
796
810
811
716
872
894
871
886
887
888
709
712
695
692
687
706
691
905
976
978
966
714
802
805
788
785
780
799
784
809
711
713
715
882
896
874
893
875
876
890
885
889
694
705
903
904
807
977
979
967
964
965
804
806
787
798
808
895
898
881
878
873
892
877
693
902
981
971
968
786
897
899
900
880
891
901
982
969
970
879
984
985
983
987
988
995
986
989
998
994
1003
990
997
991
993
992
996
1360
1361
1376
1377
1378
1375
1380
2763
2787
1374
1379
1363
2762
2758
2764
1371
1362
1364
1354
2856
2761
2760
2788
2786
1373
1382
1372
2782
2770
1365
2765
2785
2794
2784
2855
2771
2880
2851
1353
2772
2857
1350
2759
2769
2789
1366
1383
3110
1370
2796
2795
1367
2853
2854
2793
2766
2879
2863
2881
2783
1349
1355
2875
2773
2858
1352
2757
2768
2790
3106
1381
1368
1384
3109
1369
1348
2797
2864
2865
2878
2852
2887
2877
2862
2792
1520
1522
2889
2781
1351
2882
2886
2779
2780
1356
2774
2775
2888
2859
3105
2756
1386
2767
2798
1388
2799
3108
2866
2876
2850
2861
1523
2791
1521
1524
2891
2777
2776
2883
2885
2778
1389
1357
2755
3104
2800
1385
1387
1525
1390
2868
2867
2874
1391
2849
2860
2872
2873
2890
2892
1526
1553
2884
2754
1359
3103
2801
1419
1433
1392
2869
2870
2848
2871
2893
1528
2753
1552
1551
2752
2751
1358
3102
3107
2802
1432
1418
1417
1394
2750
2847
2894
1529
1527
1542
1550
1548
2727
2726
2749
3087
3101
2805
2804
2803
1431
1408
1430
1416
1414
2846
1395
1393
2845
2844
2843
1531
2895
1539
1555
1541
1561
1546
1549
1547
2737
2729
2730
2731
2748
3100
3086
3085
2806
2820
2819
1397
1405
1421
1429
1407
1427
1412
1415
1413
2842
1533
1535
1530
1540
1537
1554
1559
1544
1562
1560
1545
2725
2739
2736
2733
2728
2732
1399
1401
2746
2747
3099
3076
3098
3084
3082
2808
2830
2807
2822
2823
2824
1396
1406
1403
1420
1425
1410
1428
1426
1411
1538
1536
2841
1532
1534
1404
1402
1398
1400
1557
1558
1543
2738
2741
2724
2735
2745
3073
3089
3097
3075
3095
3080
3083
3081
2818
2832
2810
2829
2811
2812
2826
2821
2825
1423
1424
1409
2839
2840
2743
2740
2742
1556
2734
2744
3074
3071
3088
3093
3078
3096
3094
3079
2831
2834
2817
2814
2809
2828
2813
1422
1448
1449
1464
1465
1463
1468
1466
1462
1451
1450
1467
1459
1442
1452
1461
1460
1453
1470
1471
1438
1441
1454
1458
1455
1437
1443
1440
1456
1457
1469
1436
1444
1472
1435
1445
1434
1473
1439
1446
1474
1475
1447
1476
1494
1495
1510
1511
1512
1509
1514
1508
1513
1497
1505
1496
1498
1488
1507
1506
1516
1499
1487
1484
1500
1517
1504
1501
1481
1480
1483
1489
1486
1482
1515
1502
1518
1503
1485
1479
1490
1477
1478
1491
1519
1493
1492
1582
1583
1598
1599
1597
1602
1600
1596
1585
1584
1601
1593
1576
1586
1595
1594
1587
1604
1605
1572
1575
1588
1592
1589
1571
1577
1574
1590
1591
1603
1570
1578
1569
1579
1568
1573
1581
1567
1580
1566
1565
1564
1563
1608
1610
1628
1629
1644
1645
1646
1643
1648
1642
1647
1631
1639
1630
1632
1622
1640
1641
1650
1633
1621
1618
1634
1651
1638
1615
1614
1635
1617
1623
1616
1620
1636
1649
1652
1637
1619
1613
1624
1654
1656
1606
1611
1612
1625
1657
1653
1655
1658
1609
1607
1659
1627
1660
1687
1626
1662
1686
1685
1663
1661
1676
1684
1682
1665
1673
1689
1675
1680
1683
1681
1667
1669
1664
1674
1671
1688
1678
1679
1672
1670
1666
1668
1691
1677
1690
1716
1717
1732
1778
1733
1866
1731
1736
1734
1912
1867
1865
1730
1870
1719
1868
1718
1735
1727
1710
1720
1864
1729
1728
1721
1869
1706
1709
1722
1726
1872
1873
1723
1705
1711
1708
1724
1725
1704
1712
1703
1713
1702
1707
1715
1701
1714
1700
1699
1698
1697
1695
1693
1696
1694
1692
1742
1744
1762
1763
1779
1780
1777
1782
1776
1781
1765
1773
1784
1785
1783
1786
1788
1790
1791
1787
1789
1792
1793
1794
1796
1820
1819
1797
1795
1810
1818
1816
1799
1807
1809
1814
1817
1815
1801
1803
1798
1808
1805
1812
1813
1806
1804
1800
1802
1811
1850
1851
1853
1764
1852
1861
1756
1766
1844
1738
1739
1854
1774
1775
1767
1863
1862
1855
1755
1840
1752
1843
1749
1748
1768
1772
1856
1769
1860
1857
1751
1750
1839
1737
1757
1845
1754
1753
1842
1747
1770
1771
1858
1859
1838
1758
1846
1740
1745
1746
1837
1759
1847
1743
1741
1836
1841
1761
1849
1821
1835
1760
1848
1834
1833
1832
1823
1831
1829
1822
1827
1830
1828
1825
1826
1824
1876
1878
1896
1897
1913
1914
1911
1916
1910
1915
1899
1907
1898
1890
1900
1908
1909
1918
1901
1883
1889
1882
1886
1902
1919
1906
1903
1871
1884
1885
1887
1891
1881
1888
1904
1917
1920
1905
1874
1879
1892
1880
1922
1924
1877
1875
1893
1925
1921
1923
1926
1927
1895
1928
1894
1930
1931
1929
1944
1933
1941
1943
1948
1949
1935
1937
1932
1940
1938
1942
1939
1946
1947
1934
1936
1945
1984
1985
2000
2001
1999
2004
2002
1987
1998
1986
1995
2003
1978
1988
1996
1997
1989
2007
1977
1974
1990
1991
1973
1979
1976
1992
1972
1980
1971
1981
1970
1975
1983
1955
1969
1982
1968
1954
1953
1967
1966
1952
1950
1957
1965
1963
1951
1956
1961
1964
1962
1959
1960
1958
2010
2012
2030
2031
2508
2046
2205
2047
2048
2045
2050
2044
2049
2041
2042
2043
2052
2112
2036
2053
2040
2037
2111
2108
2038
2051
2054
2107
2039
2113
2110
2056
2058
2106
2114
2059
2055
2057
2060
2105
2115
2061
2104
2062
2109
2117
2089
2103
2064
2116
2102
2088
2087
2065
2063
2101
2078
2100
2086
2084
2067
2069
2071
2075
2091
2099
2077
2097
2082
2085
2083
2066
2074
2072
2068
2070
2076
2090
2095
2080
2098
2096
2081
2093
2094
2079
2092
2118
2119
2577
2484
2601
2415
2670
2391
2509
2507
2576
2483
2694
2322
2578
2485
2572
2479
2602
2600
2416
2414
2503
2596
2669
2390
2410
2665
2671
2392
2575
2506
2482
2298
2574
2481
2515
2386
2505
2599
2413
2695
2693
2608
2584
2491
2422
2598
2323
2321
2510
2412
2668
2667
2389
2579
2486
2516
2689
2517
2388
2603
2417
2229
2317
2609
2610
2677
2423
2424
2398
2514
2585
2492
2297
2586
2493
2692
2299
2672
2320
2701
2393
2691
2607
2583
2573
2490
2329
2480
2421
2293
2504
2319
2696
2678
2597
2399
2324
2411
2511
2679
2400
2703
2702
2296
2676
2666
2330
2580
2331
2295
2487
2518
2230
2228
2397
2387
2604
2418
2700
2611
2305
2425
2328
2513
2587
2224
2494
2300
2673
2690
2394
2502
2571
2606
2582
2489
2478
2420
2318
2227
2500
2134
2595
2236
2501
2409
2697
2306
2204
2226
2325
2136
2519
2680
2307
2206
2520
2401
2593
2704
2594
2664
2675
2304
2332
2407
2294
2408
2231
2396
2385
2200
2612
2426
2613
2427
2237
2238
2699
2327
2495
2512
2588
2589
2203
2496
2688
2202
2301
2235
2570
2316
2477
2605
2581
2488
2419
2686
2498
2687
2133
2212
2033
2137
2499
2135
2402
2314
2705
2315
2225
2591
2521
2681
2706
2333
2682
2403
2308
2334
2207
2592
2405
2663
2497
2032
2406
2674
2303
2292
2614
2384
2006
2232
2395
2590
2428
2239
2698
2213
2326
2024
2214
2034
2404
2143
2121
2569
2211
2684
2476
2132
2201
2234
2685
2683
2120
2309
2312
2035
2129
2138
2707
2223
1994
2313
2335
2522
2310
2144
2662
2145
2208
2383
2291
2017
2221
2302
2222
2016
2615
2429
2240
2122
2241
2142
2023
2311
2020
2215
2568
2475
2130
2123
2131
2210
2199
2233
2139
2708
2005
1993
2336
2523
2661
2382
2018
2146
2290
2219
2220
2242
2021
2019
2616
2015
2430
2216
2124
2141
2567
2474
2025
2217
2566
2022
2473
2125
2198
2565
2128
2209
2472
2660
2218
2526
2381
2709
2147
2659
2337
2148
2525
2524
2289
2433
2658
2380
2564
2619
2008
2013
2243
2379
2471
2618
2014
2617
2432
2431
2126
2140
2026
2657
2197
2563
2127
2470
2340
2378
2712
2149
2288
2711
2710
2339
2338
2527
2541
2540
2287
2656
2244
2011
2009
2286
2377
2620
2634
2633
2434
2448
2447
2027
2196
2562
2469
2285
2150
2713
2247
2341
2355
2354
2529
2551
2528
2543
2544
2545
2655
2246
2245
2284
2376
2622
2644
2621
2636
2637
2638
2436
2458
2435
2450
2451
2452
2195
2029
2194
2560
2561
2193
2467
2468
2151
2715
2714
2343
2365
2342
2357
2358
2359
2539
2553
2531
2550
2532
2533
2547
2542
2546
2653
2654
2248
2262
2261
2283
2374
2375
2632
2646
2624
2643
2625
2626
2640
2635
2639
2446
2460
2438
2457
2439
2440
2454
2449
2453
2192
2028
2154
2559
2466
2191
2153
2152
2717
2718
2719
2353
2367
2345
2364
2346
2347
2361
2356
2360
2552
2555
2538
2535
2530
2549
2534
2652
2373
2250
2272
2249
2264
2265
2266
2281
2282
2645
2648
2631
2628
2623
2642
2627
2459
2462
2445
2442
2437
2456
2441
2557
2464
2558
2465
2554
2556
2190
2650
2461
2463
2155
2169
2168
2721
2716
2720
2647
2649
2366
2369
2371
2352
2349
2344
2363
2348
2537
2548
2651
2280
2372
2260
2274
2252
2271
2253
2254
2268
2263
2267
2630
2641
2444
2455
2368
2370
2188
2189
2157
2179
2156
2171
2172
2173
2723
2351
2362
2278
2536
2279
2273
2276
2259
2256
2251
2270
2255
2629
2443
3069
2838
2275
2277
2187
3072
3070
2167
2181
2159
2178
2160
2161
2175
2170
2174
2722
2833
2835
2350
3091
3092
3077
2836
3068
2816
2827
2258
2269
2837
2185
2073
2186
2180
2183
2166
2163
2158
2177
2162
3090
2815
2182
2184
2257
2165
2176
2908
2909
2916
2937
2935
2936
2938
2898
2896
2911
2899
2897
2910
2912
2914
2902
2913
2915
2903
2900
2901
2917
2907
2904
2918
2905
2906
2920
2921
2919
2923
2924
2931
2922
2925
2934
2930
2926
2933
2927
2929
2928
2932
2960
2963
2959
2961
2962
2958
2964
2965
2966
2969
2977
2973
2975
2976
2972
2978
2971
2979
2970
2980
2968
2974
2967
2981
2953
2952
2951
2954
2949
2950
2957
2948
2955
2956
2946
2947
2944
2945
2942
2943
2941
2939
2940
2983
2984
2998
2999
2997
3002
3000
2987
2985
2996
2986
3001
2995
2988
2989
3008
3010
3022
2994
3021
3018
2993
3004
3005
3023
3017
3020
2992
2990
3015
3014
2991
3016
3024
3003
3019
3013
3006
3011
3012
3009
3007
2982
3028
3029
3044
3045
3046
3043
3048
3042
3047
3031
3039
3030
3032
3041
3050
3040
3033
3034
3051
3038
3035
3052
3049
3036
3037
3054
3056
3057
3025
3053
3055
3058
3059
3027
3060
3026
3062
3063
3061
3065
3067
3064
3066
3116
3117
3132
3133
3131
3136
3134
3130
3119
3135
3118
3127
3120
3129
3128
3121
3138
3122
3111
3112
3113
3115
3114
3142
3144
3152
3139
3126
3123
3151
3149
3148
3150
3124
3125
3137
3153
3147
3140
3145
3146
3143
3141
3162
3163
3178
3179
3180
3177
3182
3176
3181
3165
3173
3164
3166
3156
3175
3184
3174
3167
3239
3155
3168
3185
3172
3169
3238
3157
3154
3186
3183
3170
3171
3237
3158
3188
3190
3236
3191
3159
3187
3189
3192
3193
3221
3235
3161
3194
3234
3220
3219
3160
3196
3233
3210
3232
3218
3216
3197
3195
3207
3223
3231
3209
3229
3214
3217
3215
3199
3208
3205
3222
3227
3212
3230
3228
3213
3201
3203
3198
3206
3204
3200
3202
3225
3226
3211
3224
3250
3251
3266
3267
3265
3270
3268
3264
3253
3269
3252
3261
3244
3254
3263
3262
3255
3272
3273
3240
3243
3256
3260
3257
3245
3242
3259
3271
3246
3247
3326
3327
3241
3249
3355
3328
3248
3276
3278
3282
3258
3281
3274
3279
3280
3277
3275
3296
3297
3312
3313
3314
3311
3316
3310
3315
3299
3307
3298
3300
3290
3309
3318
3308
3301
3289
3286
3302
3319
3306
3303
3283
3285
3291
3288
3317
3304
3320
3305
3284
3287
3292
3322
3324
3325
3293
3321
3323
3295
3294
3368
3354
3353
3330
3367
3344
3366
3352
3350
3331
3329
3333
3341
3357
3365
3343
3363
3348
3351
3349
3335
3337
3332
3342
3339
3356
3361
3346
3364
3362
3347
3340
3338
3334
3336
3359
3360
3345
3358
3384
3385
3400
3401
3399
3404
3402
3398
3387
3386
3403
3395
3378
3388
3397
3396
3389
3406
3407
3374
3377
3390
3394
3391
3373
3379
3376
3392
3393
3405
3372
3380
3408
3371
3381
3370
3409
3375
3383
3369
3382
3410
3411
3412
3430
3431
3446
3447
3448
3445
3450
3444
3449
3433
3441
3432
3434
3424
3443
3442
3452
3435
3423
3420
3436
3453
3440
3437
3417
3416
3419
3425
3422
3418
3451
3438
3454
3439
3421
3415
3426
3456
3458
3413
3414
3427
3459
3455
3457
3460
3461
3429
3462
3489
3428
3464
3488
3487
3465
3463
3478
3486
3484
3467
3475
3491
3477
3497
3482
3485
3483
3469
3471
3466
3476
3473
3490
3495
3480
3496
3481
3474
3472
3468
3470
3493
3494
3479
3492
3518
3519
3534
3535
3533
3538
3536
3532
3521
3520
3537
3529
3512
3522
3531
3530
3523
3540
3508
3511
3524
3528
3525
3507
3513
3510
3526
3527
3539
3506
3514
3505
3515
3504
3509
3517
3503
3516
3502
3501
3500
3499
3498
3544
3546
3564
3565
3580
3714
3584
3586
3587
3585
3588
3590
3592
3593
3589
3591
3594
3595
3596
3623
3598
3622
3621
3599
3597
3612
3620
3618
3601
3609
3625
3611
3616
3619
3617
3603
3605
3600
3610
3607
3624
3614
3615
3608
3606
3602
3604
3613
3626
3652
3653
3668
3581
3669
3582
3579
3672
3670
3671
3678
3680
3698
3699
3715
3667
3716
3713
3718
3578
3583
3666
3567
3655
3575
3654
3566
3663
3712
3717
3646
3701
3656
3568
3558
3709
3700
3576
3577
3665
3541
3664
3569
3657
3692
3702
3674
3675
3642
3645
3710
3711
3720
3703
3557
3554
3570
3658
3574
3551
3550
3662
3691
3571
3659
3688
3685
3641
3684
3704
3647
3721
3553
3708
3644
3705
3559
3552
3556
3572
3660
3687
3573
3555
3686
3549
3661
3673
3693
3690
3689
3640
3683
3706
3719
3722
3648
3707
3560
3542
3547
3548
3694
3676
3681
3724
3639
3682
3726
3649
3561
3545
3543
3695
3638
3727
3679
3677
3723
3725
3643
3728
3651
3563
3729
3697
3637
3730
3650
3562
3696
3636
3732
3755
3635
3634
3733
3731
3746
3754
3752
3633
3631
3735
3743
3745
3750
3753
3751
3629
3632
3630
3737
3739
3734
3744
3741
3748
3749
3742
3740
3736
3738
3627
3628
3747
3786
3787
3802
3848
3803
3801
3806
3804
3936
3800
3789
3937
3788
3982
3805
3797
3935
3780
3940
3938
3790
3799
3798
3791
4070
3934
3808
3809
3776
3779
3931
3939
3792
3796
3793
3932
3933
3775
3781
3778
3794
3795
3774
3782
3773
3783
3772
3777
3785
3757
3771
3784
3770
3756
3769
3768
3759
3767
3765
3758
3763
3766
3764
3761
3762
3760
3812
3814
3832
3833
3849
3850
3847
3852
3846
3851
3835
3843
3834
3844
3845
3854
3855
3842
3853
3856
3858
3860
3861
3857
3859
3862
3863
3864
3866
3867
3865
3880
3869
3877
3879
3884
3871
3873
3868
3876
3874
3878
3875
3882
3883
3870
3872
3881
3920
3921
3923
3826
3836
3922
3914
3837
3924
3925
3819
3825
3818
3822
3838
3913
3910
3839
3926
3807
3820
3821
3927
3823
3827
3817
3824
3909
3840
3915
3912
3841
3810
3815
3828
3816
3908
3916
3813
3811
3829
3907
3917
3906
3831
3911
3919
3891
3905
3830
3918
3904
3890
3889
3903
3902
3888
3886
3893
3901
3899
3887
3885
3892
3897
3900
3898
3895
3896
3894
3946
3948
3960
3966
3967
3983
3984
3981
3986
3969
3980
3985
3977
3968
3942
3943
3970
3978
3979
3971
3988
3930
4048
3953
3952
3959
3956
3972
3928
3989
3976
3973
3941
3929
4047
4044
3954
3957
3955
3951
3961
3958
3974
3987
3990
4043
3975
4049
4046
3944
3949
3950
3962
3992
3994
4042
4050
3947
3945
3963
3995
3991
3993
3996
4041
4051
3997
3965
4040
3998
4045
4053
3964
4025
4039
4000
4052
4038
4024
4023
4001
3999
4037
4014
4036
4022
4020
4003
4005
4007
4011
4027
4035
4013
4033
4018
4021
4019
4002
4010
4008
4004
4006
4012
4026
4031
4016
4034
4032
4017
4029
4030
4015
4028
4054
4055
4072
4069
4073
4071
4079
4057
4068
4056
4065
4074
4080
4081
4058
4078
4066
4059
4067
4075
4082
4060
4077
4061
4064
4083
4084
4062
4076
4063
4085
4086
4087
4090
4089
4088
4091
4093
4092
4095
4096
4097
4009
4099
4094
4098
2164
4844
4845
4852
4873
4871
4872
5170
5156
5155
5132
4834
4831
4832
5169
5146
5168
5154
5152
5133
4847
4835
4833
4846
5143
5159
5167
5145
5165
5150
5153
5151
5135
4848
4850
4838
5144
5141
5158
5163
5148
5166
5164
5149
5137
5139
5134
5142
5140
5136
5138
4849
4851
4839
4836
4837
5161
5162
5147
4853
4843
4840
5160
4854
4841
4842
4856
4857
4855
4859
4860
4867
4858
4861
4870
4866
4862
4869
4863
4865
4864
4868
4896
4899
4895
4874
4897
4898
4894
4900
4901
4902
4905
4913
4909
4911
4912
4908
4914
4907
4915
4906
4916
4904
4910
4903
4889
4888
4887
4890
4885
4886
4893
4884
4891
4892
4882
4883
4880
4881
4878
4879
4877
4875
4876
4919
4920
4934
4935
4933
4938
4936
4923
4921
4932
4922
4937
4930
4924
4944
4946
4958
4931
4957
4954
4929
4940
4941
4925
4959
4953
4956
4928
4926
4951
4950
4927
4952
4939
4955
4949
4942
4947
4948
4945
4943
4918
4917
4964
4965
4980
4981
4982
4979
4984
4978
4983
4967
4975
4966
5042
5045
4968
4977
4986
4976
4969
5041
5044
4970
4987
4974
4971
5040
4988
4985
4972
4973
5039
4960
4990
4992
5038
5043
4993
4961
4989
4991
4994
4995
5023
5037
4963
4996
5036
5022
5021
4962
4998
5035
5012
5034
5020
5018
4999
4997
5009
5025
5033
5011
5031
5016
5019
5017
5001
5010
5007
5024
5029
5014
5032
5030
5015
5003
5005
5000
5008
5006
5027
5028
5013
5002
5004
5026
5052
5053
5068
5069
5067
5072
5070
5066
5055
5071
5054
5063
5046
5056
5065
5064
5057
5078
5080
5088
5074
5075
5058
5062
5059
5087
5085
5084
5047
5086
5060
5061
5073
5083
5048
5076
5081
5082
5049
5079
5077
5051
5050
5098
5099
5114
5115
5116
5113
5118
5112
5117
5101
5109
5100
5102
5092
5111
5120
5110
5103
5091
5104
5121
5108
5105
5093
5090
5122
5119
5106
5107
5094
5089
5124
5126
5127
5095
5123
5125
5128
5129
5097
5130
5096
5131
5186
5187
5202
5203
5201
5206
5204
5200
5189
5205
5188
5197
5180
5190
5199
5198
5191
5208
5209
5176
5179
5192
5196
5193
5175
5181
5178
5194
5195
5207
5182
5210
5183
5212
5214
5217
5215
5216
5213
5211
5177
5185
5184
5232
5233
5248
5249
5250
5247
5252
5246
5251
5235
5243
5234
5236
5226
5245
5254
5244
5237
5225
5222
5238
5255
5242
5239
5219
5218
5221
5227
5224
5253
5240
5256
5241
5220
5223
5228
5258
5260
5261
5229
5257
5259
5262
5263
5231
5291
5264
5230
5290
5289
5266
5303
5280
5302
5288
5286
5267
5265
5269
5277
5293
5301
5279
5299
5284
5287
5285
5271
5273
5268
5278
5275
5292
5297
5282
5300
5298
5283
5276
5274
5270
5272
5295
5296
5281
5294
5320
5321
5336
5337
5335
5340
5338
5334
5323
5322
5339
5331
5314
5324
5333
5332
5325
5342
5343
5310
5313
5326
5330
5327
5309
5315
5312
5328
5390
5329
5341
5308
5316
5392
5394
5344
5307
5317
5395
5391
5393
5396
5306
5397
5345
5311
5319
5398
5425
5305
5318
5400
5424
5423
5304
5346
5348
5366
5367
5382
5383
5384
5381
5386
5380
5385
5369
5377
5368
5370
5360
5379
5378
5388
5371
5359
5356
5372
5389
5376
5373
5353
5352
5355
5361
5358
5354
5387
5374
5375
5357
5351
5362
5349
5350
5363
5347
5365
5364
5401
5399
5414
5422
5420
5403
5411
5427
5413
5418
5421
5419
5405
5407
5402
5412
5409
5426
5431
5416
5432
5417
5410
5408
5404
5406
5429
5430
5415
5428
5454
5455
5470
5471
5469
5474
5472
5468
5457
5456
5473
5465
5448
5458
5467
5466
5459
5444
5447
5460
5464
5461
5443
5449
5446
5462
5463
5475
5442
5450
5441
5451
5440
5445
5453
5439
5452
5438
5437
5436
5435
5433
5434
5480
5482
5500
5501
5516
5517
5518
5515
5520
5514
5519
5503
5511
5502
5504
5494
5512
5513
5522
5476
5477
5505
5493
5490
5506
5523
5510
5487
5486
5507
5489
5495
5488
5492
5508
5521
5524
5509
5491
5485
5496
5526
5528
5478
5483
5484
5497
5529
5525
5527
5530
5481
5479
5531
5499
5532
5559
5498
5534
5558
5557
5535
5533
5548
5556
5554
5537
5545
5561
5547
5552
5555
5553
5539
5541
5536
5546
5543
5560
5550
5551
5544
5542
5538
5540
5549
5588
5589
5604
5605
5603
5608
5606
5602
5591
5590
5607
5599
5582
5592
5601
5600
5593
5578
5581
5594
5598
5595
5577
5583
5580
5596
5597
5576
5584
5575
5585
5574
5579
5587
5573
5586
5572
5571
5570
5569
5567
5565
5568
5566
5563
5564
5562
5614
5616
5634
5635
5650
5738
5651
5652
5649
5654
5648
5653
5656
5657
5655
5658
5660
5662
5663
5659
5661
5664
5665
5666
5668
5669
5667
5682
5690
5688
5671
5679
5681
5686
5689
5687
5673
5675
5670
5680
5677
5684
5685
5678
5676
5672
5674
5683
5722
5723
5784
5739
5737
5742
5740
5736
5741
5735
5734
5744
5745
5748
5750
5768
5769
5785
5786
5637
5783
5788
5645
5725
5636
5724
5733
5628
5638
5716
5610
5611
5726
5646
5647
5782
5787
5771
5639
5779
5770
5727
5627
5762
5712
5624
5715
5772
5621
5620
5640
5780
5781
5644
5790
5773
5728
5641
5732
5729
5623
5622
5711
5755
5761
5609
5754
5629
5758
5717
5626
5774
5625
5714
5619
5642
5791
5778
5643
5775
5730
5731
5743
5756
5757
5710
5759
5763
5753
5630
5718
5760
5612
5617
5776
5789
5618
5792
5777
5746
5751
5709
5764
5752
5631
5719
5615
5613
5794
5796
5708
5749
5747
5713
5765
5633
5797
5721
5793
5795
5798
5693
5707
5799
5767
5632
5720
5800
5706
5692
5691
5766
5802
5705
5704
5803
5801
5695
5703
5701
5816
5805
5694
5699
5702
5700
5813
5815
5807
5809
5804
5697
5698
5812
5810
5814
5811
5818
5819
5806
5808
5696
5817
5856
5857
5872
5873
5918
5871
5876
5874
5859
5870
5858
5867
5875
5850
5860
5868
5869
5861
5878
5879
5849
5846
5862
5845
5851
5848
5844
5852
5843
5853
5842
5847
5855
5827
5841
5854
5840
5826
5825
5839
5838
5824
5822
5829
5837
5835
5820
5823
5821
5828
5833
5836
5834
5831
5832
5830
5882
5884
5896
5866
5863
5889
5888
5895
5892
5864
5877
5865
5890
5893
5891
5887
5897
5894
5880
5885
5886
5898
5883
5881
5899
5901
5900
5902
5903
5919
5920
5917
5922
5905
5916
5921
5913
5904
5906
5914
5915
5907
5924
5984
5908
5925
5912
5909
5983
5980
5910
5923
5926
5979
5911
5985
5982
5928
5930
5978
5986
5931
5927
5929
5932
5977
5987
5933
5976
5934
5981
5989
5961
5975
5936
5988
5974
5960
5959
5937
5935
5973
5950
5972
5958
5956
5939
5941
5943
5947
5963
5971
5949
5969
5954
5957
5955
5938
5946
5944
5940
5942
5948
5945
5962
5967
5952
5970
5968
5953
5965
5966
5951
5964
5990
5991
6380
6449
6356
6473
6287
6542
6566
6541
6537
6543
6635
6567
6565
6540
6539
6561
6659
6549
6634
6630
6636
6564
6544
6573
6563
6568
6550
6551
6728
6633
6632
6575
6574
6660
6658
6548
6538
6654
6642
6572
6637
6545
6562
6657
6666
6656
6727
6643
6752
6723
6569
6644
6729
6552
6631
6641
6576
6661
6536
6547
6668
6667
6571
6725
6726
6665
6638
6560
6558
6751
6735
6559
6753
6655
6577
6747
6553
6645
6730
6578
6554
6629
6640
6535
6662
6546
6669
6736
6737
6570
6750
6724
6759
6749
6734
6664
6556
6557
6761
6555
6653
6754
6758
6579
6651
6652
6646
6647
6760
6731
6628
6534
6639
6670
6671
6738
6748
6722
6733
6663
6763
6649
6648
6755
6580
6757
6650
6533
6627
6672
6740
6739
6746
6721
6732
6744
6745
6762
6764
6532
6581
6756
6626
6531
6530
6673
6741
6742
6720
6529
6743
6765
6625
6584
6624
6583
6582
6623
6528
6674
6622
6719
6585
6599
6598
6621
6677
6527
6676
6675
6718
6516
6508
6509
6510
6717
6716
6715
6587
6609
6586
6601
6602
6603
6620
6525
6526
6678
6692
6691
6518
6515
6512
6511
6714
6597
6611
6589
6608
6590
6591
6605
6600
6604
6618
6619
6524
6680
6702
6679
6694
6695
6696
6517
6520
6514
6713
6522
6610
6613
6596
6593
6588
6607
6592
6617
6519
6521
6523
6690
6704
6682
6701
6683
6684
6698
6693
6697
6513
6711
6712
6615
6612
6614
6595
6606
6616
6703
6706
6689
6686
6681
6700
6685
6710
6705
6707
6708
6688
6699
6709
6687
6780
6781
6788
6809
6807
6808
6766
6770
6767
6768
6783
6771
6769
6782
6784
6786
6774
6785
6787
6775
6772
6773
6789
6779
6776
6790
6777
6778
6792
6793
6791
6795
6796
6803
6794
6797
6806
6802
6798
6805
6799
6801
6800
6804
6832
6835
6831
6810
6833
6834
6830
6263
6381
6379
6448
6355
6194
6450
6357
6444
6351
6474
6472
6288
6286
6375
6468
6262
6282
6264
6447
6378
6354
6170
6446
6353
6387
6258
6377
6471
6285
6480
6456
6363
6294
6470
6195
6193
6382
6284
6261
6451
6358
6388
6389
6260
6475
6289
6101
6189
6481
6482
6295
6296
6270
6386
6457
6364
6169
6458
6365
6171
6192
6265
6479
6455
6445
6362
6201
6352
6293
6165
6376
6191
6469
6271
6196
6283
6383
6272
6077
6168
6202
6452
6203
6167
6359
6390
6102
6100
6269
6259
6476
6290
6483
6177
6297
6200
6385
6459
6096
6366
6172
6266
6374
6443
6478
6454
6361
6350
6292
6190
6099
6372
6006
6467
6108
6373
6281
6178
6076
6098
6197
6008
6391
6179
6078
6392
6273
6465
6466
6176
6204
6279
6166
6280
6103
6268
6257
6072
6484
6298
6485
6299
6109
6110
6199
6367
6384
6460
6461
6075
6368
6074
6173
6107
6442
6188
6349
6477
6453
6360
6291
6370
6005
6084
6009
6371
6007
6274
6186
6187
6097
6463
6393
6205
6275
6180
6206
6079
6464
6277
6369
6278
6175
6164
6486
6256
6104
6267
6462
6300
6111
6085
6198
6086
6276
6015
5993
6441
6083
6348
6004
6073
6106
6836
6837
6838
6841
6849
5992
6181
6184
6001
6010
6095
6185
6207
6394
6182
6016
6017
6080
6255
6163
6093
6174
6094
6487
6301
6112
5994
6113
6014
6183
6087
6440
6347
6002
5995
6003
6082
6071
6105
6845
6847
6011
6848
6208
6395
6254
6018
6162
6091
6092
6114
6488
6302
6088
5996
6013
6439
6346
6089
6438
6345
6844
5997
6070
6437
6000
6081
6344
6090
6398
6253
6019
6850
6209
6020
6397
6396
6161
6305
6252
6436
6491
6115
6251
6343
6490
6489
6304
6303
5998
6012
6069
6843
6435
5999
6342
6212
6250
6021
6160
6851
6211
6210
6399
6413
6412
6159
6116
6158
6249
6492
6506
6505
6306
6320
6319
6068
6842
6434
6341
6157
6022
6119
6213
6227
6226
6401
6423
6400
6415
6416
6417
6118
6117
6156
6248
6494
6493
6308
6330
6307
6322
6323
6324
6067
6066
6840
6846
6432
6433
6065
6339
6340
6023
6215
6237
6214
6229
6230
6231
6411
6425
6403
6422
6404
6405
6419
6414
6418
6120
6134
6133
6155
6246
6247
6504
6496
6497
6498
6507
6318
6332
6310
6329
6311
6312
6326
6321
6325
6064
6026
6431
6338
6839
6063
6025
6024
6225
6239
6217
6236
6218
6219
6233
6228
6232
6424
6427
6410
6407
6402
6421
6406
6245
6122
6144
6121
6136
6137
6138
6153
6154
6503
6500
6495
6499
6331
6334
6317
6314
6309
6328
6313
6429
6336
6430
6337
6426
6428
6825
6062
6333
6335
6027
6041
6040
6238
6241
6243
6224
6221
6216
6235
6220
6409
6420
6152
6244
6132
6146
6124
6143
6125
6126
6140
6135
6139
6502
6316
6327
6240
6242
6824
6060
6061
6029
6051
6028
6043
6044
6045
6223
6234
6150
6408
6151
6145
6148
6131
6128
6123
6142
6127
6501
6315
6147
6149
6059
6823
6826
6039
6053
6031
6050
6032
6033
6047
6042
6046
6594
6222
6130
6141
6057
6058
6821
6822
6829
6052
6055
6038
6035
6030
6049
6034
6054
6056
6129
6820
6827
6828
6037
6048
6818
6819
6036
6816
6817
6814
6815
6813
6811
6812
6855
6856
8316
8385
8292
8409
8478
8317
8315
8384
8291
8502
8386
8293
8380
8287
8410
8408
8311
8404
8477
8473
8479
8571
8383
8314
8290
8382
8289
8323
8313
8407
8503
8501
8416
8392
8299
8230
8406
8318
8476
8475
8387
8294
8324
8497
8325
8411
8595
8417
8418
8485
8231
8232
8322
8570
8393
8300
8566
8572
8394
8301
8500
8480
8509
8499
8415
8391
8381
8298
8288
8229
8312
8504
8486
8405
8319
8487
8664
8569
8568
8511
8510
8484
8474
8388
8295
8326
8412
8508
8419
8233
8321
6870
8395
8302
8481
8498
8310
8379
8414
8390
8297
8286
8228
8663
8308
8403
8688
8659
8309
8505
8665
8327
8488
8567
8328
8401
8512
8402
8472
8483
6871
8420
8234
8421
8235
8507
6869
8303
8320
8661
8396
8662
8397
6874
8304
8496
6872
8378
8285
8413
8389
8296
8494
8687
8671
8306
8495
8689
8307
8513
8683
8399
8329
8489
8666
8514
8490
8400
8565
8471
6978
8305
8482
8422
6859
8398
8236
8672
6857
8673
8506
8686
6868
8660
8695
6858
8685
8670
6873
8377
8492
8284
8493
8697
8491
8690
8694
8515
8696
8330
8667
6977
8564
8470
7196
8423
8237
6980
8674
8684
8658
6860
6880
6882
6894
6866
6867
6893
6890
6865
8669
8376
8283
6876
6877
8699
8691
8516
6861
8693
7197
8331
8469
8563
6976
7198
8424
8238
6889
8375
8676
8282
6892
8675
8682
7199
6864
8374
6862
8668
6887
8281
8680
6886
8681
8373
8280
8698
8700
8468
8334
8517
6863
8692
8562
6888
8467
8333
8332
6975
8241
8466
8372
7227
8427
7200
8279
8426
8425
8240
8239
8677
8678
6875
8465
8679
6891
6885
8371
8278
8561
8520
8560
8519
8518
8559
8335
8349
8348
6974
6979
8464
7226
7225
7202
8428
8442
8441
8242
8256
8255
8558
6878
6883
6884
8370
8277
8521
8535
8534
6852
8557
8337
8359
8336
8351
8352
8353
6959
6973
8463
7216
7238
7224
7222
7203
7201
8430
8452
8429
8444
8445
8446
8244
8266
8243
8258
8259
8260
6881
6879
8368
8369
8275
8276
8706
8703
8704
8523
8545
8522
8537
8538
8539
6854
8556
8347
8361
8339
8358
8340
8341
8355
8350
8354
6972
6958
6957
8461
8462
7205
7213
7229
7237
7215
7235
7220
7223
7221
8440
8454
8432
8451
8433
8434
8448
8443
8447
8254
8268
8246
8265
8247
8248
8262
8257
8261
8367
8274
8707
8705
8533
8547
8525
8544
8526
8527
8541
8536
8540
6853
6900
6901
6916
6917
6918
6915
6920
6914
6919
6903
6911
6902
6904
6913
6922
6912
6905
6906
6923
6910
6907
6895
6924
6921
6908
6909
6896
6926
6928
6929
6897
6925
6927
6930
6931
6899
6932
6898
6934
7207
7209
8360
8363
8554
8555
8346
8343
8338
8357
8342
8460
6971
6948
6970
6956
6954
7204
7214
7211
7228
7233
7218
7236
7234
7219
8453
8456
8439
8436
8431
8450
8435
8267
8270
8253
8250
8245
8264
8249
8365
8272
7212
7210
6935
6933
8366
8273
8362
8364
8458
7206
7208
8269
8271
8546
8549
8532
8529
8524
8543
8528
8553
8455
8457
8345
8356
8459
6945
6961
6969
6947
6967
6952
6955
6953
7231
7232
7217
8438
8449
8252
8263
6937
8551
8548
8550
8531
8542
8552
8344
6946
6943
6960
6965
6950
6968
6966
6951
7230
8437
8251
6939
6941
6944
6942
8530
6963
6964
6949
6938
6940
6962
6988
6989
7004
7005
7003
7008
7006
7002
6991
7007
6990
6999
6982
6992
7001
7000
6993
7010
7011
6981
6994
6998
6995
6996
7014
7016
7023
7021
7020
6983
7022
6997
7009
7019
6984
7012
7017
7018
6985
7015
7013
6987
6986
6936
7034
7035
7050
7051
7052
7049
7054
7048
7053
7037
7045
7036
7038
7028
7047
7056
7046
7039
7027
7024
7040
7057
7044
7041
7029
7026
7058
7055
7042
7043
7109
7030
7025
7060
7062
7108
7063
7031
7059
7061
7064
7065
7093
7107
7033
7066
7106
7092
7091
7032
7068
7105
7082
7104
7090
7088
7069
7067
7079
7095
7103
7081
7101
7086
7089
7087
7071
7080
7077
7094
7099
7084
7102
7100
7085
7073
7075
7070
7078
7076
7072
7074
7097
7098
7083
7096
7122
7123
7138
7139
7137
7142
7140
7136
7125
7141
7124
7133
7116
7126
7135
7134
7127
7144
7145
7112
7115
7128
7132
7129
7111
7117
7114
7130
7131
7143
7110
7118
7146
7119
7147
7113
7148
7149
7150
7151
7152
7121
7120
7168
7169
7184
7185
7186
7183
7188
7182
7187
7171
7179
7170
7172
7162
7181
7190
7180
7173
7161
7158
7174
7191
7178
7175
7155
7154
7157
7163
7160
7189
7176
7192
7177
7156
7159
7153
7164
7194
7165
7193
7195
7167
7166
7256
7257
7272
7273
7271
7276
7274
7270
7259
7258
7275
7267
7250
7260
7269
7268
7261
7278
7279
7246
7249
7262
7266
7263
7245
7251
7248
7264
7265
7277
7244
7252
7280
7243
7253
7242
7281
7247
7255
7241
7254
7240
7239
7282
7284
7302
7303
7318
7319
7320
7317
7322
7316
7321
7305
7313
7304
7306
7296
7315
7314
7324
7307
7295
7292
7308
7325
7312
7309
7289
7288
7291
7297
7294
7290
7323
7310
7326
7311
7293
7287
7298
7328
7330
7285
7286
7299
7331
7327
7329
7332
7333
7283
7301
7334
7361
7300
7336
7360
7359
7337
7335
7350
7358
7356
7339
7347
7363
7349
7354
7357
7355
7341
7343
7338
7348
7345
7362
7367
7352
7353
7346
7344
7340
7342
7365
7366
7351
7364
7390
7391
7406
7407
7405
7454
7410
7408
7404
7393
7392
7409
7401
7384
7394
7403
7402
7395
7380
7383
7396
7400
7397
7379
7385
7382
7398
7399
7378
7386
7377
7387
7376
7381
7389
7375
7388
7374
7373
7372
7371
7369
7370
7368
7416
7418
7436
7437
7452
7453
7451
7456
7455
7458
7459
7457
7460
7462
7464
7465
7461
7463
7466
7467
7468
7495
7470
7494
7493
7471
7469
7484
7492
7490
7473
7481
7483
7488
7491
7489
7475
7477
7472
7482
7479
7496
7486
7487
7480
7478
7474
7476
7485
7524
7525
7540
7586
7541
7544
7542
7543
7550
7552
7570
7571
7587
7588
7585
7590
7584
7589
7573
7581
7572
7564
7574
7546
7547
7582
7583
7592
7575
7563
7560
7557
7556
7576
7593
7580
7577
7559
7558
7545
7565
7562
7561
7555
7578
7591
7594
7579
7566
7548
7553
7596
7554
7598
7567
7599
7551
7549
7595
7597
7600
7601
7569
7602
7568
7604
7605
7603
7618
7624
7607
7615
7617
7622
7625
7623
7609
7611
7606
7616
7613
7620
7621
7614
7612
7608
7610
7619
7658
7659
7674
7675
7673
7678
7676
7672
7661
7660
7677
7669
7652
7662
7671
7670
7663
7680
7681
7648
7651
7664
7668
7665
7647
7653
7650
7666
7667
7646
7654
7645
7655
7644
7649
7657
7629
7643
7656
7642
7628
7627
7641
7640
7626
7631
7639
7637
7630
7635
7638
7636
7633
7634
7632
7684
7686
7704
7705
7720
7721
7808
7722
7719
7724
7809
7854
7807
7812
7810
7718
7723
7707
7715
7806
7803
7811
7716
7717
7726
7804
7805
7814
7815
7727
7714
7798
7802
7799
7712
7725
7728
7713
7730
7732
7733
7729
7731
7734
7735
7736
7738
7739
7737
7752
7741
7749
7751
7743
7745
7740
7748
7746
7750
7747
7754
7742
7744
7753
7792
7793
7795
7794
7786
7796
7797
7785
7782
7781
7787
7784
7780
7788
7779
7789
7778
7783
7791
7763
7777
7790
7776
7762
7761
7775
7774
7760
7758
7765
7773
7771
7756
7759
7757
7764
7769
7772
7770
7755
7767
7768
7766
7818
7820
7832
7825
7824
7831
7828
7800
7813
7801
7826
7829
7827
7823
7833
7830
7816
7821
7822
7834
7819
7817
7835
7837
7836
7838
7839
8037
7920
7919
7916
7915
7921
7918
7914
7922
7913
7923
7912
7917
7925
7897
7911
7924
7910
7896
7895
7909
7886
7908
7894
7892
7899
7907
7885
7905
7890
7893
7891
7884
7898
7903
7888
7906
7904
7889
7901
7902
7887
7900
7926
7927
8223
8199
7539
8130
8224
8222
8198
8218
8200
8106
8194
7450
8221
7538
7439
7527
8131
8129
8220
8197
7447
7526
8196
7438
7535
8225
8125
7518
8206
8105
7528
7440
7430
8107
8128
8201
8137
8101
8127
7448
7449
7537
7412
7413
7536
7441
7529
8207
8132
8219
8208
8013
8104
8138
8139
8103
8038
8036
8205
8195
8226
7514
7517
8113
8136
7429
7855
7426
8032
8108
8202
7442
7706
7530
8126
8035
7856
7446
7423
7942
8044
7422
7534
8217
7853
8114
8012
8034
7443
7858
7531
8133
7944
7698
8115
8014
7708
8209
8112
8140
8215
8102
7513
8216
8039
8204
8193
8008
7519
8045
7425
8046
7709
7516
8135
7431
7424
8011
7428
8010
8109
8043
8124
7411
7444
7532
8227
7941
8020
7841
7852
7945
7857
7445
7427
7943
8210
7421
7691
7533
8122
7697
8123
7690
8033
8141
7694
8211
8116
7849
8142
8015
8213
7840
8214
7710
8111
8100
8192
7512
8040
8203
7520
8047
8021
7711
8134
7432
8022
7842
8212
7951
7929
8019
7940
8009
8042
7679
7692
7693
7850
7928
8117
7851
8120
7843
7937
7946
7860
7414
7419
8031
8121
7420
7695
7699
8143
7689
8118
7952
7953
7696
8016
8191
8099
8029
8110
8030
7511
8048
7930
8049
7950
7521
8119
7433
8023
7938
7931
7939
7844
8018
8007
8041
7861
7848
7845
7947
7417
7415
7682
7687
7700
8144
7688
7510
8190
7954
8098
8027
8028
8050
7515
8024
7932
7949
7523
8025
7435
7933
8006
7936
7846
8017
7859
7862
8026
7847
8189
7955
7685
7683
8145
7701
7956
8097
7509
8188
8051
8187
7934
7948
7522
7434
8005
7935
7864
8148
7866
8186
7957
8096
8147
8146
7703
7508
8095
8052
8094
8185
8004
7867
7863
7865
7868
8093
7958
8055
8149
8163
8162
7702
7507
7506
8054
8053
8092
8184
8003
7869
8002
8001
7870
7959
8151
8173
8150
8165
8166
8167
7497
7505
7503
8056
8070
8069
8091
8182
8183
8000
7962
7999
7872
7961
7960
8161
8175
8153
8172
8154
8155
8169
8164
8168
7501
7504
7502
8181
8058
8080
8057
8072
8073
8074
8089
8090
7998
7873
7871
7963
7977
7976
8174
8177
8179
8160
8157
8152
8171
8156
7499
7500
8088
8180
8068
8082
8060
8079
8061
8062
8076
8071
8075
8176
8178
7996
7997
7875
7965
7987
7964
7979
7980
7981
8159
8170
8086
7498
8087
8081
8084
8067
8064
8059
8078
8063
7877
7879
7883
8083
8085
7995
7874
7975
7989
7967
7986
7968
7969
7983
7978
7982
8158
8066
8077
7882
7880
7993
7876
7878
7881
7994
7988
7991
7974
7971
7966
7985
7970
7990
7992
8065
7973
7984
7972
8716
8717
8720
8724
8745
8744
8768
8771
8767
8743
8746
8769
8770
8766
8772
8773
8774
8777
8785
8781
8783
8784
8780
8786
8779
8778
8776
8782
8775
8761
8760
8759
8762
8757
8758
8765
8756
8763
8764
8754
8755
8752
8753
8750
8751
8749
8747
8748
8791
8792
8806
8807
8805
8810
8808
8795
8793
8804
8794
8809
8802
8803
8801
8796
8816
8818
8829
