40372
41
556
1286
2016
12744
18108
53868
532
1262
1992
18084
53
47
623
1353
2083
18175
48571
465
1925
18017
35
647
1377
2107
18199
48595
38452
29
441
1901
17993
59
65
714
1444
2174
18266
48662
374
17926
557
1287
2017
18109
555
1285
2015
18107
531
1261
1991
18083
80082
527
1257
1987
18079
533
1263
1993
18085
622
1352
2082
18174
48570
40
116
23
466
1926
18018
464
1924
18016
618
1348
2078
18170
48566
49
52
122
624
1354
2084
18176
48572
80976
89916
551
1281
2011
18103
80952
89892
46
119
37
738
1468
2198
18290
48686
648
1378
2108
18200
48596
646
1376
2106
18198
48594
81043
89983
80885
89825
71
440
1900
17992
460
1920
18012
34
113
350
17902
23266
17
442
1902
17994
61
436
1896
17988
43
642
1372
2102
18194
48590
28
110
81067
90007
58
125
530
1260
1990
18082
529
1259
1989
18081
55
554
1284
2014
18106
80861
89801
620
1350
2080
18172
48568
621
1351
2081
18173
48569
563
1293
2023
18115
713
1443
2173
18265
48661
553
1283
2013
18105
709
1439
2169
18261
48657
64
128
463
1923
18015
715
1445
2175
18267
48663
375
17927
373
17925
157
77
472
1932
18024
462
1922
18014
539
1269
1999
18091
161
31
22974
81134
90074
805
1535
2265
7629
18357
48753
159
25
630
1360
2090
18182
48578
645
1375
2105
18197
48593
558
1288
2018
18110
439
1899
17991
438
1898
17990
80794
89734
644
1374
2104
18196
48592
654
1384
2114
18206
48602
80977
89917
369
17921
565
1295
2025
18117
534
1264
1994
18086
283
1013
80975
89915
80951
89891
564
1294
2024
18116
155
22
107
467
1927
18019
80953
89893
48
120
739
1469
2199
18291
48687
737
1467
2197
18289
48685
80886
89826
625
1355
2085
18177
48573
81042
89982
67
153
80884
89824
184
474
1934
18026
711
1441
2171
18263
48659
81044
89984
473
1933
18025
712
1442
2172
18264
48660
448
1908
18000
163
349
17901
11
36
114
649
1379
2109
18201
48597
73
733
1463
2193
18285
48681
70
131
81068
90008
351
17903
540
1270
2000
18092
182
562
1292
2022
18114
81158
90098
656
1386
2116
18208
48604
372
17924
345
17897
81066
90006
541
1271
2001
18093
655
1385
2115
18207
48603
165
381
17933
16
104
631
1361
2091
18183
48579
443
1903
17995
80860
89800
60
126
371
17923
22975
80770
89710
42
117
632
1362
2092
18184
48580
80862
89802
471
1931
18023
721
1451
2181
18273
48669
528
1258
1988
18080
538
1268
1998
18090
186
54
123
183
80947
89887
619
1349
2079
18171
48567
829
1559
2289
7653
18381
25533
48777
552
1282
2012
18104
629
1359
2089
18181
48577
83
80983
89923
81038
89978
653
1383
2113
18205
48601
185
80950
89890
800
1530
2260
7624
18352
48748
804
1534
2264
7628
18356
48752
716
1446
2176
18268
48664
80974
89914
376
17928
151
449
1909
18001
81133
90073
76
134
80971
89911
736
1466
2196
18288
48684
22973
80795
89735
461
1921
18013
19
80892
89832
81041
89981
450
1910
18002
81135
90075
735
1465
2195
18287
48683
259
745
1475
2205
18297
48693
806
1536
2266
7630
18358
48754
80793
89733
348
17900
383
17935
347
17899
51
382
17934
80959
89899
5
80883
89823
30
111
284
22978
282
22976
80949
89889
24
108
559
1289
2019
18111
80880
89820
437
1897
17989
447
1907
17999
643
1373
2103
18195
48591
81050
89990
80978
89918
180
79437
81225
90165
181
81040
89980
81074
90014
80973
89913
39
80856
89796
566
1296
2026
18118
535
1265
1995
18087
722
1452
2182
18274
48670
80985
89925
167
13
468
1928
18020
80984
89924
723
1453
2183
18275
48671
81065
90005
149
81062
90002
80859
89799
80954
89894
740
1470
2200
18292
48688
357
17909
80887
89827
626
1356
2086
18178
48574
80882
89822
66
129
380
17932
475
1935
18027
81159
90099
80894
89834
63
710
1440
2170
18262
48658
81045
89985
278
747
1477
2207
18299
48695
720
1450
2180
18272
48668
80893
89833
79
81157
90097
746
1476
2206
18298
48694
45
80868
89808
10
101
81129
90069
650
1380
2110
18202
48598
187
72
132
802
1532
2262
7626
18354
48750
80858
89798
89
803
1533
2263
7627
18355
48751
80769
89709
81069
90009
352
17904
561
1291
2021
18113
81064
90004
657
1387
2117
18209
48605
188
57
80960
89900
80982
89922
80771
89711
81076
90016
542
1272
2002
18094
81132
90072
81075
90015
444
1904
17996
80801
89741
370
17922
80961
89901
830
1560
2290
7654
18382
25534
48778
828
1558
2288
7652
18380
25532
48776
633
1363
2093
18185
48581
81051
89991
896
1626
2356
7720
18448
25600
48844
169
80863
89803
470
1930
18022
526
1256
1986
18078
80792
89732
744
1474
2204
18296
48692
281
537
1267
1997
18089
80891
89831
550
1280
2010
18102
81052
89992
81141
90081
290
80789
89729
22972
80958
89898
81131
90071
617
1347
2077
18169
824
1554
2284
7648
18376
25528
48772
812
1542
2272
7636
18364
48760
280
33
628
1358
2088
18180
48576
85
82
137
358
17910
258
27
652
1382
2112
18204
48600
192
81049
89989
459
1919
18011
359
17911
79461
81249
90189
717
1447
2177
18269
48665
377
17929
81073
90013
260
548
1278
2008
18100
80796
89736
549
1279
2009
18101
80869
89809
18
105
734
1464
2194
18286
48682
451
1911
18003
80791
89731
81136
90076
807
1537
2267
7631
18359
48755
254
384
17936
80870
89810
346
17898
80803
89743
356
17908
567
1297
2027
18119
50
121
79436
81224
90164
81165
90105
80802
89742
4
98
641
1371
2101
18193
48589
22969
22977
285
179
80948
89888
147
79438
81226
90166
568
1298
2028
18120
81153
90093
435
1895
17987
80765
89705
81156
90096
457
1917
18009
446
1906
17998
458
1918
18010
80979
89919
80768
89708
80972
89912
80867
89807
292
81039
89979
69
476
1206
1936
18028
291
38
115
80986
89926
75
477
1207
1937
18029
639
1369
2099
18191
48587
12
102
724
1454
2184
18276
48672
2381
7745
18473
25625
48869
640
1370
2100
18192
48588
81142
90082
80955
89895
827
1557
2287
7651
18379
25531
48775
741
1471
2201
18293
48689
80888
89828
813
1543
2273
7637
18365
48761
81143
90083
80881
89821
178
826
1556
2286
7650
18378
25530
48774
80777
89717
379
17931
836
1566
2296
7660
18388
25540
48784
814
1544
2274
7638
18366
48762
80800
89740
7
81160
90100
80895
89835
708
1438
2168
18260
48656
658
1388
2118
18210
48606
62
127
81046
89986
80767
89707
81155
90095
748
1478
2208
18300
48696
719
1449
2179
18271
48667
257
81167
90107
543
1273
2003
18095
78
135
44
118
659
1389
2119
18211
48607
256
891
1621
2351
7715
18443
25595
48839
81166
90106
801
1531
2261
7625
18353
48749
81140
90080
80857
89797
811
1541
2271
7635
18363
48759
289
88
140
1625
2355
7719
18447
25599
48843
353
17905
81070
90010
81063
90003
560
1290
2020
18112
79432
81220
90160
79600
544
1274
2004
18096
368
17920
634
1364
2094
18186
48582
189
56
124
81077
90017
80981
89921
80772
89712
171
38326
897
1627
2357
7721
18449
25601
48845
80962
89902
635
1365
2095
18187
48583
95
920
2380
7744
18472
25624
48868
831
1561
2291
7655
18383
25535
48779
525
1255
1985
18077
80864
89804
21
469
1929
18021
145
79435
81223
90163
266
743
1473
2203
18295
48691
193
81053
89993
536
1266
1996
18088
80890
89830
79462
81250
90190
838
1568
2298
7662
18390
25542
48786
22970
22971
616
1346
2076
18168
81164
90104
80710
837
1567
2297
7661
18389
25541
48785
80957
89897
79528
81316
90256
79460
81248
90188
279
81130
90070
452
1912
18004
366
17918
32
112
546
1276
2006
18098
627
1357
2087
18179
48575
84
138
367
17919
385
17937
26
109
80778
89718
79444
81232
90172
651
1381
2111
18203
48599
81048
89988
79434
81222
90162
360
17912
732
1462
2192
18284
48680
386
1846
17938
547
1277
2007
18099
190
1
81072
90012
261
80779
89719
453
1913
18005
80797
89737
160
569
1299
2029
18121
80790
89730
81137
90077
808
1538
2268
7632
48756
15
80970
89910
455
1915
18007
91
344
17896
80871
89811
80804
89744
22980
355
17907
22981
835
1565
2295
7659
25539
48783
1623
2353
7717
25597
48841
286
730
1460
2190
18282
48678
80776
89716
434
1894
17986
80946
89886
731
1461
2191
18283
48679
1624
2354
7718
25598
48842
456
1916
18008
79439
81227
90167
80988
89928
637
1367
2097
18189
48585
156
79601
478
1208
1938
18030
445
1905
17997
545
1275
2005
18097
80879
89819
80866
89806
80712
81037
89977
293
725
1455
2185
18277
48673
80711
68
130
749
1479
2209
18301
48697
74
133
80968
89908
267
726
1456
2186
18278
48674
638
1368
2098
18190
48586
80969
89909
80897
89837
173
750
1480
2210
18302
48698
268
164
660
1390
2120
18212
48608
825
1555
2285
7649
25529
48773
81144
90084
81
636
1366
2096
18188
48584
378
17930
707
1437
2167
18259
48655
815
1545
2275
7639
48763
81061
90001
80799
89739
81154
90094
81161
90101
6
99
79445
81233
90173
80766
89706
903
1633
2363
80877
89817
79468
81256
90196
718
1448
2178
18270
48666
80878
89818
81168
90108
79446
81234
90174
199
79456
81244
90184
265
255
81079
90019
799
1529
2259
7623
48747
454
1914
18006
79459
81247
90187
81139
90079
177
80855
89795
810
1540
2270
7634
48758
18471
288
79553
81341
90281
79599
79602
158
79604
38327
81059
89999
87
80980
89920
80773
89713
81060
90000
79443
81231
90171
80964
89904
524
1254
1984
18076
898
1628
2358
7722
25602
1645
18467
94
143
162
79527
81315
90255
832
1562
2292
7656
25536
48780
361
17913
20
106
81055
89995
615
1345
2075
18167
79529
81317
90257
277
742
1472
2202
18294
48690
364
17916
194
80889
89829
79463
81251
90191
79458
81246
90186
839
1569
2299
7663
25543
48787
79664
79552
81340
90280
22968
152
79470
81258
90198
81163
90103
365
17917
387
1847
17939
80956
89896
81128
90068
80788
89728
79469
81257
90197
80987
89927
201
362
17914
200
81047
89987
79433
81221
90161
80806
89746
728
1458
2188
18280
48676
154
1634
2364
0
96
262
81071
90011
80780
89720
1635
2365
570
1300
2030
18122
80989
89929
176
80873
89813
275
80896
89836
343
17895
727
1457
2187
18279
48675
294
17846
276
433
1893
17985
14
103
90
141
80945
89885
354
17906
729
1459
2189
18281
48677
9
834
1564
2294
7658
48782
1622
2352
7716
48840
80786
89726
295
17847
80775
89715
80966
89906
80787
89727
1632
2362
79440
81228
90168
79523
81311
90251
79467
81255
90195
80898
89838
479
1209
1939
18031
81036
89976
18470
751
1481
2211
18303
48699
198
168
191
80713
80865
89805
81078
90018
80967
89907
81152
90092
823
1553
2283
7647
48771
166
706
1436
2166
18258
48654
80875
89815
81146
90086
80965
89905
81170
90110
363
17915
79526
81314
90254
269
661
1391
2121
18213
48609
81080
90020
816
1546
2276
7640
48764
817
1547
2277
7641
48765
80
136
80963
89903
80876
89816
80798
89738
80764
89704
81150
90090
821
1551
2281
7645
48769
81057
89997
79598
81151
90091
822
1552
2282
7646
48770
175
79447
90175
80854
89794
798
1528
2258
7622
48746
253
264
38328
81056
89996
79535
81323
90263
81054
89994
81138
90078
79525
90253
809
1539
2269
7633
48757
523
1253
1983
18075
287
79603
81058
89998
840
1570
2300
7664
48788
86
139
79442
90170
614
1344
2074
18166
1629
2359
7723
79660
841
1571
2301
7665
48789
80874
89814
90279
80805
89745
3
79595
79663
79530
90258
80872
89812
195
79457
90185
81127
90067
79464
90192
79471
90199
81162
90102
80807
89747
388
1848
17940
150
202
80782
89722
79431
90159
432
1892
17984
148
273
342
17894
296
17848
80944
89884
1636
93
571
1301
2031
18123
274
80990
89930
80784
89724
79536
90264
79537
90265
270
81169
90109
80785
89725
81035
89975
8
100
1620
2350
7714
48838
833
1563
2293
7657
48781
80715
80774
89714
1631
2361
7725
81147
90087
81145
90085
480
1210
1940
18032
80899
89839
79466
90194
752
1482
2212
18304
48700
197
81171
90111
705
1435
2165
18257
48653
79534
90262
818
1548
2278
7642
48766
81148
90088
819
1549
2279
7643
48767
271
79547
662
1392
2122
18214
48610
81081
90021
80763
89703
522
1252
1982
18074
90278
38330
80853
89793
81149
90089
820
1550
2280
7644
48768
797
1527
2257
7621
48745
170
79596
79449
90177
79597
252
613
1343
2073
18165
263
38332
80783
89723
79606
79659
79524
90252
521
1251
1981
18073
842
1572
2302
7666
48790
172
612
1342
2072
18164
79455
90183
80781
89721
79441
90169
79549
520
1250
1980
18072
272
79473
90201
81126
90066
203
2
97
611
1341
2071
18163
79531
90259
79665
79453
90181
204
79454
90182
431
1891
17983
79662
389
1849
17941
80808
89748
80714
574
1304
2034
18126
341
17893
79430
90158
80943
89883
1638
483
1213
1943
18035
430
1890
17982
80716
81034
89974
297
17849
1637
92
142
573
1303
2033
18125
572
1302
2032
18124
80991
89931
704
1434
2164
18256
48652
79538
90266
1619
2349
7713
48837
429
1889
17981
1644
1630
2360
7724
610
1340
2070
18162
80900
89840
482
1212
1942
18034
481
1211
1941
18033
519
1249
1979
18071
79465
90193
703
1433
2163
18255
48651
79789
753
1483
2213
18305
48701
196
81172
90112
146
79590
79533
90261
665
1395
2125
18217
48613
38333
1642
1643
80852
89792
79448
90176
80762
89702
702
1432
2162
18254
48650
796
1526
2256
7620
48744
79450
90178
664
1394
2124
18216
48612
663
1393
2123
18215
48611
81082
90022
38329
251
38331
79472
90200
79594
79607
38334
79591
79522
90250
79658
843
1573
2303
7667
48791
79451
90179
79474
90202
81125
90065
392
1852
17944
144
79548
80942
89882
38335
205
701
1431
2161
18253
48649
518
1248
1978
18070
428
1888
17980
340
17892
609
1339
2069
18161
81033
89973
79452
90180
79666
80941
89881
90157
80809
89749
391
1851
17943
390
1850
17942
81032
89972
1639
339
17891
80994
89934
80940
89880
80717
298
17850
81031
89971
1618
2348
7712
48836
575
1305
2035
18127
589
1319
2049
18141
588
1318
2048
18140
80993
89933
80992
89932
338
17890
79540
90268
80903
89843
80851
89791
174
1640
427
1887
17979
38361
756
1486
2216
18308
48704
79788
795
1525
2255
7619
48743
80902
89842
80901
89841
484
1214
1944
18036
498
1228
1958
18050
497
1227
1957
18049
80761
89701
755
1485
2215
18307
48703
754
1484
2214
18306
48702
80850
89790
81173
90113
1641
79592
79532
90260
794
1524
2254
7618
48742
81085
90025
250
700
1430
2160
18252
48648
81030
89970
80849
89789
81124
90064
80939
89879
666
1396
2126
18218
48614
680
1410
2140
18232
48628
679
1409
2139
18231
48627
81084
90024
81083
90023
79608
793
1523
2253
7617
48741
81123
90063
79593
79546
79521
90249
38336
79657
844
1574
2304
7668
48792
79605
79475
90203
81122
90062
79544
79545
792
1522
2252
7616
48740
206
80812
89752
517
1247
1977
18069
90156
337
17889
301
17853
608
1338
2068
18160
79667
81121
90061
80811
89751
80810
89750
393
1853
17945
407
1867
17959
406
1866
17958
80848
89788
1617
2347
7711
48835
80938
89878
79539
90267
80760
89700
80718
300
17852
299
17851
79541
90269
81029
89969
577
1307
2037
18129
599
1329
2059
18151
576
1306
2036
18128
591
1321
2051
18143
80995
89935
81009
89949
592
1322
2052
18144
593
1323
2053
18145
81008
89948
336
17888
426
1886
17978
38360
38359
80759
89699
249
79773
79787
81176
90116
80904
89844
80918
89858
80917
89857
486
1216
1946
18038
508
1238
1968
18060
485
1215
1945
18037
500
1230
1960
18052
501
1231
1961
18053
502
1232
1962
18054
757
1487
2217
18309
48705
771
1501
2231
18323
48719
770
1500
2230
18322
48718
81175
90115
81174
90114
79610
80758
89698
699
1429
2159
18251
48647
80847
89787
248
668
1398
2128
18220
48616
690
1420
2150
18242
48638
667
1397
2127
18219
48615
682
1412
2142
18234
48630
683
1413
2143
18235
48631
684
1414
2144
18236
48632
81086
90026
81100
90040
81099
90039
79612
79542
791
1521
2251
7615
48739
79520
90248
90155
247
38337
847
1577
2307
7671
48795
79656
90154
79661
846
1576
2306
7670
48794
845
1575
2305
7669
48793
79476
90204
81120
90060
79543
207
90153
516
1246
1976
18068
1616
2346
7710
48834
607
1337
2067
18159
79669
90152
80721
885
1615
2345
7709
48833
80813
89753
80827
89767
80826
89766
395
1855
17947
417
1877
17969
394
1854
17946
409
1869
17961
410
1870
17962
411
1871
17963
80757
89697
80937
89877
884
1614
2344
7708
48832
80720
80719
302
17854
316
17868
315
17867
81028
89968
587
1317
2047
18139
601
1331
2061
18153
579
1309
2039
18131
598
1328
2058
18150
580
1310
2040
18132
581
1311
2041
18133
595
1325
2055
18147
590
1320
2050
18142
80997
89937
81019
89959
594
1324
2054
18146
80996
89936
81011
89951
81012
89952
81013
89953
335
17887
425
1885
17977
79613
38350
38358
38356
883
1613
2343
7707
48831
79786
79772
79771
80906
89846
80928
89868
496
1226
1956
18048
510
1240
1970
18062
80905
89845
80920
89860
80921
89861
80922
89862
488
1218
1948
18040
507
1237
1967
18059
489
1219
1949
18041
490
1220
1950
18042
504
1234
1964
18056
499
1229
1959
18051
503
1233
1963
18055
759
1489
2219
18311
48707
781
1511
2241
48729
758
1488
2218
18310
48706
773
1503
2233
18325
48721
774
1504
2234
48722
775
1505
2235
48723
246
81177
90117
90131
90130
79609
79611
80756
89696
79615
79519
90247
698
1428
2158
18250
48646
210
80846
89786
678
1408
2138
18230
48626
692
1422
2152
18244
48640
670
1400
2130
18222
48618
689
1419
2149
18241
48637
671
1401
2131
18223
48619
672
1402
2132
18224
48620
686
1416
2146
18238
48634
681
1411
2141
18233
48629
685
1415
2145
18237
48633
81088
90028
81110
90050
81087
90027
81102
90042
81103
90043
81104
90044
79614
790
1520
2250
7614
48738
38339
245
79641
79655
79479
90207
848
1578
2308
7672
48796
862
1592
2322
7686
48810
861
1591
2321
7685
48809
514
1244
1974
18066
79478
90206
79477
90205
81119
90059
605
1335
2065
18157
209
208
90151
515
1245
1975
18067
606
1336
2066
18158
79668
80815
89755
80837
89777
80814
89754
80829
89769
80830
89770
80831
89771
405
1865
17957
419
1879
17971
397
1857
17949
416
1876
17968
398
1858
17950
399
1859
17951
413
1873
17965
408
1868
17960
412
1872
17964
600
1330
2060
18152
603
1333
2063
18155
80936
89876
882
1612
2342
7706
48830
80722
80736
89676
80735
89675
509
1239
1969
18061
512
1242
1972
18064
423
1883
17975
304
17856
326
17878
303
17855
318
17870
319
17871
320
17872
81027
89967
586
1316
2046
18138
583
1313
2043
18135
578
597
1308
1327
2038
2057
18130
18149
582
1312
2042
18134
81007
89947
81021
89961
80999
89939
81018
89958
81000
89940
81001
89941
81015
89955
81010
89950
81014
89954
79518
90246
334
17886
79517
90245
424
1884
17976
38347
38363
38349
38354
38357
38355
79785
79762
79784
79770
79768
602
604
1332
1334
2062
2064
18154
18156
80916
89856
80930
89870
80908
89848
80927
89867
495
1225
1955
18047
80909
89849
80910
89850
80924
89864
80919
89859
80923
89863
492
1222
1952
18044
487
506
1217
1236
1947
1966
18039
18058
511
513
1241
1243
1971
1973
18063
18065
491
1221
1951
18043
696
1426
2156
18248
48644
769
1499
2229
18321
48717
783
1513
2243
7607
48731
761
1491
2221
18313
48709
780
1510
2240
48728
762
1492
2222
18314
48710
763
1493
2223
18315
48711
777
1507
2237
48725
772
1502
2232
18324
48720
776
1506
2236
48724
81179
90119
90141
81178
90118
90133
90134
90135
79516
90244
691
1421
2151
18243
48639
694
1424
2154
18246
48642
80755
89695
79515
90243
697
1427
2157
18249
48645
38341
38343
80845
89785
677
1407
2137
18229
48625
674
1404
2134
18226
48622
669
688
1399
1418
2129
2148
18221
18240
48617
48636
673
1403
2133
18225
48621
81098
90038
81112
90052
81090
90030
81109
90049
79616
81091
90031
81092
90032
81106
90046
81101
90041
81105
90045
789
1519
2249
7613
48737
38338
244
79654
79640
79639
850
1580
2310
7674
48798
872
1602
2332
7696
48820
849
1579
2309
7673
48797
864
1594
2324
7688
48812
865
1595
2325
7689
48813
866
1596
2326
7690
48814
79480
90208
79494
90222
79493
90221
81118
90058
418
1878
17970
421
1881
17973
211
225
224
693
695
1423
1425
2153
2155
18245
18247
48641
48643
90150
420
422
1880
1882
17972
17974
79751
80934
89874
80825
89765
80839
89779
80817
89757
80836
89776
80818
89758
80819
89759
80833
89773
80828
89768
80832
89772
404
1864
17956
401
1861
17953
396
415
1856
1875
17948
17967
400
1860
17952
81025
89965
332
17884
81020
89960
81023
89963
80935
89875
881
1611
2341
7705
48829
80724
80746
89686
80723
80738
89678
80739
89679
80740
89680
314
17866
328
17880
306
17858
325
17877
307
17859
308
17860
322
17874
317
17869
321
17873
81026
89966
585
1315
2045
18137
596
1326
2056
18148
81006
89946
81003
89943
80998
81017
89938
89957
81002
89942
38348
38345
333
17885
80929
89869
80932
89872
38346
38344
38362
38352
38353
782
1512
2242
7606
48730
785
1515
2245
7609
48733
79759
79775
79783
79761
79781
79766
79769
79767
80915
89855
80912
89852
80907
80926
89847
89866
494
1224
1954
18046
80911
89851
505
1235
1965
18057
768
1498
2228
18320
48716
765
1495
2225
18317
48713
760
779
1490
1509
2220
2239
18312
48708
48727
764
1494
2224
18316
48712
80843
89783
81189
90129
90143
81181
90121
90140
81182
90122
81183
90123
90137
90132
90136
79514
90242
787
1517
2247
7611
48735
38340
38342
80754
89694
81111
90051
81114
90054
81022
81024
89962
89964
80844
89784
80931
80933
89871
89873
676
1406
2136
18228
48624
687
1417
2147
18239
48635
81097
90037
79617
81094
90034
81089
81108
90029
90048
81093
90033
788
1518
2248
7612
48736
81116
90056
243
79653
79630
79652
79638
79636
860
1590
2320
7684
48808
874
1604
2334
7698
48822
852
1582
2312
7676
48800
871
1601
2331
7695
48819
853
1583
2313
7677
48801
854
1584
2314
7678
48802
868
1598
2328
7692
48816
863
1593
2323
7687
48811
867
1597
2327
7691
48815
79482
90210
79504
90232
79481
90209
79496
90224
79497
90225
79498
90226
81117
90057
79753
79755
213
235
212
227
228
229
784
786
1514
1516
2244
2246
7608
7610
48732
48734
90149
80838
89778
80841
89781
329
331
17881
17883
327
17879
330
17882
79750
81113
81115
90053
90055
80824
89764
80821
89761
80816
80835
89756
89775
80820
89760
403
1863
17955
414
1874
17966
80840
80842
89780
89782
880
1610
2340
7704
48828
80734
89674
80748
89688
80726
80745
89685
80727
80728
80742
89682
80737
89677
80741
89681
313
17865
310
17862
305
324
17857
17876
309
17861
584
1314
2044
18136
81005
89945
81016
89956
79760
79757
38365
38351
80752
89692
79774
79779
79764
79782
79780
79765
90142
90145
80914
89854
80925
89865
493
1223
1953
18045
767
1497
2227
18319
48715
778
1508
2238
48726
81188
90128
81185
90125
81180
90120
90139
81184
90124
79513
90241
80753
89693
79758
79756
79619
241
675
1405
2135
18227
81096
90036
81107
90047
242
873
1603
2333
7697
48821
876
1606
2336
7700
48824
79627
79643
79651
79629
79649
79634
79637
79635
90147
79752
79754
859
1589
2319
7683
48807
856
1586
2316
7680
48804
851
870
1581
1600
2311
2330
7675
7694
48799
48818
855
1585
2315
7679
48803
79492
90220
79506
90234
79484
90212
79503
90231
79485
90213
79486
90214
79500
90228
79495
90223
79499
90227
223
237
215
234
216
217
231
226
230
90148
90144
90146
80747
89687
80750
89690
878
1608
2338
7702
48826
80823
89763
80834
89774
402
17954
80749
80751
89689
89691
879
1609
2339
7703
48827
80733
89673
80730
89670
80725
80744
89684
80729
312
17864
323
17875
81004
89944
38364
875
877
1605
1607
2335
2337
7699
7701
79777
79778
79763
80913
89853
79621
79623
238
240
766
2226
18318
81187
90127
90138
79512
90240
79618
236
239
81095
90035
79628
79625
79642
79647
79632
79650
79648
79633
79505
90233
79508
90236
858
1588
2318
7682
869
1599
7693
79491
90219
79488
90216
79483
79502
90211
90230
79487
90215
222
219
214
233
218
80822
89762
79626
79624
80732
89672
80743
89683
311
79510
90238
79620
79622
79776
81186
90239
79507
79509
90235
79645
79646
79631
857
79490
90218
79501
221
232
921
1195
1171
1104
1196
1194
1170
1190
1080
1172
1166
1193
1105
1103
1202
1192
1169
1168
1099
1197
1204
1203
1178
1079
1081
1102
1075
1111
1173
1101
1201
1106
1179
1191
1180
989
1078
1113
1077
1112
1014
1012
1167
1177
1198
1087
1110
1205
1008
1082
1174
1100
1200
1011
1020
1010
1088
988
922
1189
1089
1107
990
1181
984
1114
1076
1086
1015
1165
1187
1176
1188
1022
1021
1109
987
986
1019
895
1083
1098
1199
996
923
1009
1182
1096
1097
1115
1090
1116
991
1183
1185
1074
1085
893
1016
1164
894
1186
1175
1023
997
998
1108
929
995
985
1184
919
1018
915
1091
1007
1094
924
1095
1117
931
1092
930
904
992
905
1005
1073
1024
1006
1163
1084
892
1025
902
918
928
917
1093
999
983
994
1017
899
925
1118
932
1162
1003
1072
1026
906
1004
1000
890
901
916
927
1001
982
993
1002
933
934
1161
1119
1071
908
1160
1027
907
889
1159
914
900
926
912
913
981
1122
935
1158
1070
1121
1120
909
1069
1028
888
1068
910
1157
911
980
936
1067
1031
1123
1137
1136
887
1030
1029
1066
1156
979
978
977
937
886
1125
1147
1124
1139
1140
1141
1032
1046
1045
1065
1155
976
940
975
939
938
1135
1149
1127
1146
1128
1129
1143
1138
1142
1153
1034
1056
1033
1048
1049
1050
1064
1154
974
1148
1151
941
955
954
1150
1152
1134
1131
1126
1145
1130
1062
1044
1058
1036
1055
1037
1038
1052
1047
1051
1063
973
943
965
942
957
958
959
1059
1061
1057
1060
1133
1144
1043
1040
1035
1054
1039
971
972
953
967
945
964
946
947
961
956
960
1132
1042
1053
968
970
966
969
952
949
944
963
948
1041
951
962
220
950
1651
1834
1810
1835
1833
1829
1743
1809
1811
1832
1805
1841
1831
1836
1719
1808
1843
1807
1842
1744
1742
1817
1840
1738
1812
1830
1741
1750
1740
1818
1718
1652
1819
1837
1720
1714
1844
1806
1816
1745
1752
1751
1839
1717
1716
1749
1813
1828
1650
1726
1653
1739
1826
1827
1845
1820
1721
1804
1815
1746
1753
1727
1728
1838
1659
1725
1715
1649
1748
1821
1737
1824
1654
1825
1661
1822
1660
1722
1735
1803
1754
1736
1814
1755
1648
1658
1647
1823
1729
1713
1724
1747
1655
1662
1733
1802
1756
1734
1730
1646
1657
1731
1712
1723
1732
1663
1664
1801
1757
1656
1711
1665
1800
1799
1758
1798
1710
1666
1797
1761
1760
1759
1796
1709
1708
1707
1667
1762
1776
1775
1795
1706
1670
1705
1669
1668
1764
1786
1763
1778
1779
1780
1794
1704
1671
1685
1684
1792
1774
1788
1766
1785
1767
1768
1782
1777
1781
1793
1703
1673
1695
1672
1687
1688
1689
1789
1791
1787
1790
1773
1770
1765
1784
1769
1701
1702
1683
1697
1675
1694
1676
1677
1691
1686
1690
1772
1783
1698
1700
1496
1696
1699
2329
1682
1679
1674
1693
1678
1771
1587
1681
1692
1680
2382
2383
2386
2384
2379
2375
2378
2377
2385
2376
2392
2394
2405
2402
2366
2388
2389
2401
2368
2404
2367
2374
2399
2372
2398
2373
2400
2369
2370
2387
2371
2403
2397
2390
2395
2396
2393
2391
2412
2413
2428
2429
2430
2427
2432
2431
2426
2415
2423
2414
2416
2406
2434
2425
2424
2417
2418
2435
2422
2419
2407
2436
2433
2420
2421
2485
2408
2438
2440
2484
2441
2409
2437
2439
2442
2443
2469
2483
2411
2444
2482
2468
2467
2410
2445
2481
2458
2480
2466
2464
2447
2455
2471
2479
2457
2477
2462
2465
2463
2449
2451
2446
2456
2453
2470
2475
2460
2478
2476
2461
2454
2452
2448
2450
1862
2473
2474
2459
2472
2317
2498
2499
3804
3780
3871
3895
2692
3962
3805
3803
3779
2646
3775
3781
3870
3866
3872
3799
3986
3896
3894
3890
3778
3777
2647
3802
3868
3869
3811
3961
3801
3957
3963
3787
4053
3878
3893
3806
2650
3892
3902
2648
3813
3782
3812
3987
3985
3873
3959
3960
3897
2514
3981
3788
3810
3904
3789
3903
3879
3880
3969
3776
3786
3867
4077
3800
3877
3901
4048
4052
3964
3984
3983
3993
4054
2515
3807
3891
2649
3814
3783
3970
3971
3988
4216
3874
2513
3958
3995
3968
3994
3898
2518
4050
2516
4051
3809
3905
3790
4078
4076
3881
4144
3774
3992
3785
3798
3865
4072
4060
3876
3900
3965
3796
3797
3982
4055
3815
3889
3816
2512
3887
3972
4169
3888
4075
3989
4061
4074
4084
2501
4062
3956
3906
3996
3967
3791
3907
2517
4049
4059
2500
3808
3792
3882
2566
3883
2509
4168
4079
3773
3991
3784
2492
2502
3864
4085
3794
3875
3899
3980
3795
3817
4056
4083
3978
3979
3885
3793
2511
3973
3997
3974
3886
3998
2510
3908
4073
3884
3955
2503
4063
3966
2520
2521
4047
4058
2567
3772
2488
4080
2491
3863
3990
3976
3818
3975
3977
2504
4082
3999
2508
4071
3954
3909
4064
4065
2505
4069
4070
4046
2568
2487
4057
3771
3862
2493
2490
3819
2506
4081
4000
2507
3953
4066
4067
2519
3910
3770
2570
4068
4045
3861
2572
2486
3769
3860
3768
2494
3859
3822
3821
3820
3952
3858
3767
3951
4001
3913
2573
3950
4044
3912
3911
2569
2571
2522
2574
2575
3949
3766
2495
3857
3823
3837
3836
2601
4004
4043
4003
4002
4042
3948
3914
3928
3927
4041
2523
2576
2489
4040
2497
3856
3825
3847
3824
3839
3840
3841
2600
2599
4005
4019
4018
3947
3916
3938
3915
3930
3931
3932
4039
2577
2496
2524
2525
2526
2544
2545
2560
2561
2562
2559
2564
2563
2558
2547
2555
2546
2548
2538
2557
2556
2549
2537
2534
2550
2554
2551
2533
2539
2536
2531
2530
2565
2552
2553
2532
2540
2535
2529
2541
2527
2528
2543
2542
3855
3835
3849
3827
3846
3828
3829
3843
3838
3842
2590
2598
2596
4007
4029
4006
4021
4022
4023
3946
3926
3940
3918
3937
3919
3920
3934
3929
3933
4038
2579
3853
3854
3848
3851
3834
3831
3826
3845
3830
2587
2603
2589
2594
2597
2595
3850
3852
3944
4017
4031
4009
4028
4010
4011
4025
4020
4024
3939
3942
3945
2581
2583
3925
3922
3917
3936
3921
4037
2578
3941
3943
3833
3844
2588
2585
2586
2584
2602
2592
2593
4030
4033
4016
4013
4008
4027
4012
4035
2580
2582
3924
3935
4036
4032
4034
3832
2605
2591
4015
4026
3923
2604
2630
2631
2645
2644
2633
2632
2641
2624
2634
2643
2642
2635
2620
2623
2636
2640
2637
2619
2625
2622
2638
2639
2618
2626
2617
2627
2616
2621
2629
2615
2628
2614
2613
2612
2611
2609
2607
2610
2608
2606
2656
2658
2676
2677
2778
2756
2752
2755
2751
2757
2754
2750
2758
2749
2759
2748
2753
2761
2733
2747
2760
2746
2732
2731
2745
2744
2730
2728
2735
2743
2741
2726
2729
2727
2734
2739
2742
2740
2737
2738
2736
2762
2763
2779
2693
2777
2782
2780
2694
2691
2696
2776
2765
2764
2781
2773
2695
2690
2766
2775
2774
2767
2784
2785
2768
2788
2790
2802
2679
2687
2678
2680
2670
2698
2689
2688
2801
2798
2681
2772
2652
2653
2769
2669
2666
2795
2794
2682
2797
2699
2686
2803
2800
2683
2796
2770
2771
2663
2783
2662
2665
2671
2799
2668
2793
2700
2697
2684
2685
2664
2804
2651
2667
2661
2672
2786
2791
2792
2702
2704
2805
2654
2659
2660
2705
2673
2789
2787
2701
2703
2706
2707
2657
2655
2675
2708
2674
2709
2722
2711
2719
2721
2713
2715
2710
2718
2716
2720
2717
2712
2714
2724
2725
2723
2808
2809
2824
2825
2826
2823
2828
2827
2822
2811
2819
2810
2812
2830
2821
2820
2884
2813
2814
2831
2883
2818
2815
2829
2816
2832
2882
2817
2834
2836
2881
2837
2833
2835
2880
2838
2885
2839
2807
2865
2879
2840
2806
2878
2864
2863
2841
2843
2877
2854
2876
2862
2860
2845
2847
2842
2851
2867
2875
2853
2873
2858
2861
2859
2850
2848
2844
2846
2852
2849
2866
2871
2856
2874
2872
2857
2869
2870
2855
2868
2894
2895
2910
2911
2909
2914
2912
2908
2897
2896
2913
2905
2888
2898
2907
2906
2899
2916
2917
2887
2900
2904
2901
2889
2886
2902
2903
2915
2890
2918
2891
2920
2922
2925
2923
2924
2921
2919
2893
2892
2940
2941
2956
3088
2966
2968
2969
2967
2970
2971
2972
2997
2973
2996
2995
2975
2986
2994
2992
2977
2979
2974
2983
2999
2985
3005
2990
2993
2991
2982
2980
2976
2978
2984
2981
2998
3003
2988
3004
2989
3001
3002
2987
3000
3026
3027
3042
2957
3043
2958
3046
3052
3054
3072
3073
3089
2955
2960
3041
3044
3090
3087
3092
2959
3040
2954
3029
2943
3028
3045
2951
2942
3037
3091
3020
3086
3075
3030
2934
2944
3083
3074
2952
3039
2962
2953
3038
3031
3066
2945
3076
3048
3049
3016
3019
3084
3094
3085
3077
2933
2930
3032
2946
2963
3036
3065
2950
2927
3062
2926
3033
2947
3015
3059
3078
3058
3095
3021
3082
2929
3018
3079
2935
2928
2932
3034
2961
3061
2948
2964
3060
3047
3035
3067
2949
2931
3064
3014
3093
3063
3080
3057
3096
3022
3081
2936
3068
3098
3013
3050
3055
3056
3100
3023
2937
2965
3069
3012
3101
3097
3099
3017
3053
3051
3102
3025
2939
3103
3071
3011
3104
3024
2938
3070
3010
3105
3009
3008
3107
3118
3124
3007
3109
3111
3106
3115
3117
3122
3125
3123
3114
3112
3006
3108
3110
3116
3113
3120
3121
3119
3158
3159
3174
3175
3173
3178
3176
3172
3161
3160
3177
3169
3152
3162
3171
3170
3163
3180
3181
3168
3184
3186
3198
3148
3151
3164
3165
3147
3197
3191
3190
3194
3153
3150
3166
3179
3167
3193
3192
3146
3199
3195
3189
3196
3154
3145
3182
3187
3200
3188
3155
3144
3149
3185
3183
3201
3157
3129
3143
3203
3156
3142
3128
3127
3202
3141
3140
3126
3131
3139
3137
3130
3135
3138
3136
3133
3134
3132
3204
3205
3220
3221
3222
3219
3224
3223
3218
3207
3215
3206
3208
3284
3216
3226
3217
3209
3210
3280
3283
3227
3214
3211
3279
3225
3212
3285
3228
3282
3213
3278
3230
3232
3233
3277
3229
3231
3234
3235
3276
3281
3236
3261
3275
3237
3274
3260
3259
3239
3273
3250
3272
3258
3256
3241
3243
3238
3247
3263
3271
3249
3269
3254
3257
3255
3246
3244
3240
3242
3248
3245
3262
3267
3252
3270
3268
3253
3265
3266
3251
3264
3290
3291
3306
3307
3305
3310
3308
3293
3304
3292
3301
3309
3294
3302
3303
3295
3312
3313
3296
3300
3297
3298
3311
3299
3316
3318
3323
3322
3324
3325
3321
3286
3314
3319
3320
3287
3317
3315
3289
3288
3336
3337
3352
3353
3354
3351
3356
3355
3339
3350
3347
3338
3330
3340
3348
3358
3349
3341
3329
3326
3342
3359
3346
3343
3327
3331
3328
3357
3344
3360
3345
3332
3362
3364
3333
3365
3361
3363
3366
3367
3335
3368
3393
3369
3392
3391
3371
3405
3382
3404
3390
3388
3373
3375
3370
3378
3376
3379
3395
3403
3381
3401
3386
3389
3387
3372
3374
3380
3377
3394
3399
3384
3402
3400
3385
3397
3398
3383
3396
3422
3423
3713
3689
3622
3714
3712
3688
3708
3598
3690
3684
3711
3623
3621
3720
3710
3687
3686
3617
3531
3715
3722
3721
3696
3597
3599
3620
3593
3629
3691
3619
3719
3624
3697
3709
3698
3507
3596
3631
3595
3630
3532
3530
3685
3695
3716
3605
3628
3723
3526
3600
3692
3618
3718
3529
3438
3538
3528
3606
3506
3440
3707
3607
3625
3508
3699
3502
3632
3594
3604
3533
3683
3705
3694
3706
3540
3724
3539
3725
3627
3505
3504
3537
3601
3616
3437
3717
3514
3441
3439
3527
3700
3614
3615
3633
3608
3634
3509
3701
3703
3592
3603
3534
3682
3704
3726
3693
3541
3515
3516
3626
3447
3425
3513
3503
3436
3702
3536
3424
3609
3525
3433
3612
3442
3613
3635
3416
3449
3610
3448
3510
3523
3591
3542
3524
3681
3602
3426
3543
3727
3446
3611
3517
3434
3427
3501
3512
3435
3535
3412
3443
3415
3636
3450
3680
3521
3590
3544
3522
3518
3728
3428
3445
3519
3500
3429
3511
3432
3411
3520
3451
3452
3417
3679
3637
3589
3414
3731
3678
3545
3677
3730
3729
3430
3444
3499
3431
3640
3410
3453
3676
3588
3418
3639
3638
3587
3546
3586
3675
3732
3746
3745
3498
3409
3454
3765
3585
3549
3419
3641
3655
3654
3548
3547
3584
3674
3497
3734
3756
3733
3748
3749
3750
3408
3496
3495
3413
3455
3764
3421
3643
3665
3642
3657
3658
3659
3550
3564
3563
3583
3673
3744
3758
3736
3755
3737
3738
3752
3747
3751
3494
3334
3407
3458
3493
3762
3457
3456
3763
3420
3653
3667
3645
3664
3646
3647
3661
3656
3660
3757
3760
3671
3552
3574
3551
3566
3567
3568
3582
3672
3743
3740
3735
3754
3759
3761
3739
3406
3492
3666
3669
3459
3473
3472
3668
3670
3652
3649
3644
3663
3648
3580
3562
3576
3554
3573
3555
3556
3570
3565
3569
3581
3742
3753
3491
3461
3483
3460
3475
3476
3477
3577
3579
3575
3578
3651
3662
3561
3558
3553
3572
3557
3741
3489
3490
3471
3485
3463
3482
3464
3465
3479
3474
3478
3650
3560
3571
3486
3488
4014
3484
3487
3470
3467
3462
3481
3466
3559
3469
3480
3468
4170
4280
4171
4174
4172
4167
4276
4279
4166
4180
4182
4200
4201
4217
4218
4215
4220
4139
4143
4145
4086
4141
4142
4219
4214
4151
4203
4211
4146
4163
4202
4087
4204
4152
4194
4153
4140
4150
4222
4213
4165
4212
4173
4205
4275
4088
4147
4089
4281
4278
4193
4190
4154
4138
4206
4149
4223
4164
4210
4176
4177
4207
4274
4090
4282
4189
4195
4156
4192
4155
4224
4137
4221
4162
4208
4148
4209
4187
4160
4186
4161
4273
4091
4188
4283
4157
4196
4226
4136
4158
4228
4175
4159
4191
4185
4272
4277
4092
4285
4229
4135
4197
4225
4227
4230
4231
4178
4183
4184
4257
4271
4095
4094
4093
4284
4134
4133
4132
4199
4232
4131
4181
4179
4270
4256
4255
4096
4110
4109
4130
4198
4233
4269
4246
4268
4254
4252
4098
4120
4097
4112
4113
4114
4129
4235
4243
4259
4267
4245
4265
4250
4253
4251
4108
4122
4100
4119
4101
4102
4116
4111
4115
4237
4239
4128
4234
4244
4241
4258
4263
4248
4266
4264
4249
4121
4124
4107
4104
4099
4118
4103
4242
4240
4126
4236
4238
4127
4123
4125
4261
4262
4247
4106
4117
4260
4286
4287
4302
4303
4301
4306
4304
4300
4289
4305
4288
4297
4290
4299
4298
4291
4292
4312
4314
4325
4322
4308
4309
4296
4321
4293
4324
4319
4318
4320
4294
4295
4307
4323
4317
4310
4315
4316
4313
4311
4332
4333
4348
4349
4350
4347
4352
4351
4346
4335
4343
4334
4336
4326
4354
4345
4344
4337
4338
4355
4342
4339
4327
4356
4353
4340
4341
4405
4328
4358
4360
4404
4361
4329
4357
4359
4362
4363
4389
4403
4331
4364
4402
4388
4387
4330
4365
4401
4378
4400
4386
4384
4367
4375
4391
4399
4377
4397
4382
4385
4383
4369
4371
4366
4376
4373
4374
4372
4390
4395
4380
4398
4396
4381
4368
4370
4393
4394
4379
4392
4105
4418
4419
4612
4566
4567
4434
4570
4568
4435
4433
4438
4436
4569
4432
4421
4437
4420
4429
4412
4422
4486
4431
4430
4423
4440
4441
4408
4411
4487
4424
4428
4425
4407
4413
4488
4410
4426
4427
4439
4406
4490
4414
4492
4442
4493
4489
4491
4415
4494
4495
4443
4409
4521
4417
4496
4520
4519
4416
4444
4445
4446
4464
4465
4480
4481
4482
4479
4484
4483
4478
4467
4475
4466
4468
4458
4477
4476
4469
4457
4454
4470
4474
4471
4451
4450
4453
4459
4456
4485
4472
4473
4452
4455
4449
4460
4447
4448
4461
4463
4462
4497
4510
4518
4516
4499
4507
4523
4509
4514
4517
4515
4501
4503
4498
4506
4504
4508
4505
4500
4502
4522
4512
4513
4525
4511
4524
4550
4551
4565
4564
4553
4552
4561
4544
4554
4563
4562
4555
4540
4543
4556
4560
4557
4539
4545
4542
4558
4559
4538
4546
4537
4547
4536
4541
4549
4535
4548
4534
4533
4532
4531
4529
4527
4530
4528
4526
4576
4578
4596
4597
4698
4676
4672
4675
4671
4677
4674
4670
4678
4669
4679
4668
4673
4681
4653
4667
4680
4666
4652
4651
4665
4664
4650
4648
4655
4663
4661
4646
4649
4647
4654
4659
4662
4660
4657
4658
4656
4682
4683
4699
4613
4697
4614
4702
4700
4611
4616
4696
4685
4615
4684
4610
4701
4599
4693
4686
4607
4598
4695
4694
4687
4704
4705
4688
4708
4710
4722
4600
4590
4618
4609
4608
4601
4572
4573
4721
4718
4589
4586
4692
4602
4689
4619
4715
4714
4606
4603
4583
4582
4717
4585
4723
4690
4716
4720
4591
4588
4691
4703
4617
4604
4620
4584
4719
4713
4605
4571
4587
4581
4724
4592
4622
4624
4706
4711
4712
4574
4579
4580
4725
4625
4593
4621
4623
4626
4709
4707
4627
4577
4575
4595
4628
4594
4629
4631
4642
4633
4635
4630
4639
4641
4638
4636
4632
4634
4640
4637
4644
4645
4643
4728
4729
4744
4745
4746
4743
4748
4747
4742
4731
4739
4730
4732
4740
4750
4741
4733
4804
4734
4751
4738
4735
4803
4749
4736
4752
4737
4802
4754
4756
4801
4757
4753
4755
4758
4800
4805
4759
4727
4760
4785
4799
4726
4761
4798
4784
4783
4763
4797
4774
4796
4782
4780
4765
4767
4762
4771
4787
4795
4773
4793
4778
4781
4779
4770
4768
4764
4766
4772
4769
4786
4791
4776
4794
4792
4777
4789
4790
4775
4788
4814
4815
4830
4831
4829
4834
4832
4828
4817
4816
4833
4825
4808
4818
4827
4826
4819
4836
4837
4807
4820
4824
4821
4809
4806
4822
4835
4823
4810
4838
4811
4840
4842
4845
4843
4844
4841
4839
4813
4812
4860
4861
4876
5008
4886
4888
4889
4887
4890
4891
4892
4917
4893
4916
4915
4895
4906
4914
4912
4897
4899
4894
4903
4919
4905
4925
4910
4913
4911
4902
4900
4896
4898
4904
4901
4918
4923
4908
4924
4909
4921
4922
4907
4920
4946
4947
4962
4877
4878
4875
4963
4880
4961
4966
4964
4968
4969
4972
4974
4992
4993
5009
5010
4879
4874
5007
4863
5012
4960
4871
4949
4862
4948
4965
4957
4854
4940
4864
4950
5011
5006
4872
4995
4882
4873
4865
5003
4994
4959
4958
4951
4986
4936
4853
4939
4850
4996
4847
4866
4846
5004
5014
5005
4883
4997
4870
4952
4867
4956
4953
4849
4935
4985
4979
4978
4848
4982
4855
4941
4852
4938
4998
4881
4851
4868
4884
5015
5002
4999
4869
4954
4967
4955
4981
4980
4934
4987
4983
4977
4984
4856
4942
5013
5000
5016
5001
4933
4970
4975
4988
4976
4857
4943
5018
4885
5020
4932
4937
4973
4971
4989
5021
4859
4945
5017
5019
5022
4931
5023
4991
4858
4944
5024
4930
4990
5025
4929
4928
5027
4927
5038
5044
5029
5031
5026
4926
5035
5037
5042
5045
5043
5034
5032
5028
5030
5036
5033
5040
5041
5039
5078
5079
5592
5568
5659
5501
5683
5477
5750
5410
5593
5591
5567
5563
5569
5658
5502
5500
5654
5660
5587
5774
5684
5682
5476
5496
5386
5478
5472
5678
5566
5565
6136
5590
5656
5657
5599
5749
5589
5745
5499
5751
5411
5409
5508
5498
5575
5094
5841
5666
5681
5594
5475
5474
5680
5690
5405
5601
5570
5600
5503
5775
5773
5661
5510
5747
5509
5748
5484
5385
5685
5769
5387
5576
5598
5692
5408
5381
5577
5691
5417
5667
5479
5407
5095
5668
5507
5757
5564
5574
5655
5865
5588
5665
5689
5836
5840
5752
5412
5485
5772
5093
5497
5486
5771
5781
5842
5384
5419
5383
5418
5098
5096
5595
5473
5483
5679
5602
5571
5758
5504
5759
5776
5393
5662
5416
5511
6200
5746
5783
5756
5782
5686
5838
5839
5388
5597
5693
5578
5480
5406
5866
5864
5669
5932
5506
5562
5780
5573
5586
5081
5092
5653
5860
5848
5664
5394
5688
5495
5395
5753
5413
5584
5080
5585
5770
5487
5843
5420
5382
5392
5603
5677
5089
5097
5604
5471
5493
5482
5494
5072
6006
5512
5513
5675
6196
5760
5957
5676
5863
5777
6008
5849
6199
5862
5415
5872
5082
5850
5744
5694
5784
5755
5579
5695
5927
5837
5847
5931
5389
5596
5580
5404
5670
5933
5671
5956
5867
5561
5505
5779
5572
5874
5090
5091
5652
5083
5873
5488
5402
5582
5663
5403
5421
5687
5396
5768
5422
5583
5489
5605
5844
5491
5380
5100
5391
5068
5101
5871
5929
5766
5071
5470
5767
5930
5492
5673
5514
5481
6195
5581
6007
5761
5785
5762
5674
5786
5696
5861
6201
5672
5414
5743
5851
6198
5754
5835
5490
5846
5560
5868
5397
5651
5778
5400
5875
5088
5104
5106
5118
5084
5085
5401
5423
5398
5764
5067
5606
5111
5379
5763
5110
5469
5390
5765
5870
5073
5515
6194
5787
6010
5070
5117
5859
5114
5742
5399
5697
5852
6202
5853
5857
5858
5834
5845
5559
5086
5876
5650
5877
5099
5087
5424
5112
5468
5066
5378
5113
5607
5115
5109
5869
5074
6011
5516
6193
5788
5741
5854
5119
5855
5698
5116
6203
5558
5856
5833
5649
5557
5878
5648
5556
5647
5467
5425
5610
5377
5065
5519
5466
5609
5608
5102
5107
5108
5740
6012
5925
5465
6009
6192
5075
5646
5518
5517
5555
5739
6197
5789
5701
5120
5738
5832
5700
5699
6205
5879
5428
5737
5554
5464
5376
5064
5645
5427
5426
5375
6014
5069
5924
5611
5625
5624
5105
5103
5374
6016
5463
6177
6191
5792
5077
5831
5520
5534
5533
5791
5790
5830
5121
5736
5702
5716
5715
5829
6204
5880
5828
5553
5373
5049
5063
5644
5429
5443
6017
5442
5923
6013
6015
5613
5635
5612
5627
5628
5629
5372
6018
5462
6190
6176
6175
6019
5076
5522
5544
5521
5536
5537
5538
5793
5807
5806
5123
5735
5704
5726
5703
5718
5719
5720
5827
6045
5883
5882
5881
5552
5062
5048
5047
5922
5643
5921
5431
5453
5430
5445
5446
5447
5920
5623
5637
5615
5634
5616
5617
5631
5626
5630
5371
6020
5461
6189
6166
6188
6174
6172
5919
5532
5546
5524
5543
5525
5526
5540
5535
5539
5795
5817
5794
5809
5810
5811
5122
5734
5714
5728
5706
5725
5707
5708
5722
5717
5721
5826
6044
6043
5884
5898
5897
5550
5641
5551
5061
5060
5046
5642
5441
5455
5433
5452
5434
5435
5449
5444
5448
5636
5639
5918
5545
5548
5459
5622
5619
5614
5633
5618
5370
6021
5460
6179
6187
6185
6170
6173
6171
5638
5640
5531
5528
5523
5542
5547
5549
5527
5732
5805
5819
5797
5816
5798
5799
5813
5808
5812
5727
5730
5733
5713
5710
5705
5724
5709
5825
6034
6042
6040
5886
5908
5885
5900
5901
5902
5454
5457
5729
5731
5456
5458
5051
5059
5057
5440
5437
5432
5451
5436
5368
5917
6023
5621
5632
5369
6178
6183
6168
6186
6184
6169
5818
5821
5530
5541
5804
5801
5796
5815
5800
5823
5712
5723
5824
6031
6033
6038
6041
6039
5896
5910
5888
5907
5889
5890
5904
5899
5903
5820
5822
5367
5050
5366
5055
5058
5056
5439
5450
6025
6027
5916
6022
5620
6181
6182
6167
5529
5803
5814
5711
6032
6029
6036
