59082
59084
59086
59088
59090
59092
59094
59096
59098
59100
59102
59104
59106
59108
59110
59112
59114
59116
59118
59120
59122
59124
59126
59128
59130
59132
59134
59136
59138
59140
59142
59144
59146
59148
59150
59152
59154
59156
59158
59160
59162
59164
59166
59168
59170
59172
59174
59176
117866
117868
117870
117872
117874
117876
117878
117880
117882
117884
117886
117888
117890
117892
117894
117896
117898
117900
117902
117904
117906
117908
117910
117912
117914
117916
117918
117920
117922
117924
117926
117928
117930
117932
117934
117936
117938
117940
117942
117944
117946
117948
117950
117952
117954
117956
117958
117960
117962
3
5
7
9
11
13
15
17
19
21
23
25
27
29
31
33
35
37
39
41
43
45
47
49
51
53
55
57
59
61
63
65
67
69
71
73
75
77
79
81
83
85
87
89
91
93
95
97
59080
1
201
270
294
363
387
456
480
549
573
642
666
735
759
828
852
921
951
1020
1044
1113
1137
1206
1230
1299
1323
1392
1416
1485
1509
1578
1602
1671
1701
1770
1794
1863
1887
1956
1980
2049
2073
2142
2166
2235
2259
2328
2352
2421
2451
2520
2544
2613
2637
2706
2730
2799
2823
2892
2916
2985
3009
3078
3102
3171
3242
3330
3376
3464
3510
3598
3644
3732
3778
3866
3912
4000
4046
4134
4180
4272
4285
4354
4378
4447
4471
4540
4564
4633
4657
4726
4750
4819
4843
4912
4936
5005
5076
5164
5210
5298
5344
5432
5478
5566
5612
5700
5746
5834
5880
5968
6014
6106
6119
6188
6212
6281
6305
6374
6398
6467
6491
6560
6584
6653
6677
6746
6770
6839
6910
6998
7044
7132
7178
7266
7312
7400
7446
7534
7580
7668
7714
7802
7848
7940
7953
8022
8046
8115
8139
8208
8232
8301
8325
8394
8418
8487
8511
8580
8604
8673
8744
8832
8878
8966
9012
9100
9146
9234
9280
9368
9414
9502
9548
9636
9682
9774
9787
9856
9880
9949
9973
10042
10066
10135
10159
10228
10252
10321
10345
10414
10438
10507
10578
10666
10712
10800
10846
10934
10980
11068
11114
11202
11248
11336
11382
11470
11516
11608
11621
11690
11714
11783
11807
11876
11900
11969
11993
12062
12086
12155
12179
12248
12272
12341
12412
12500
12546
12634
12680
12768
12814
12902
12948
13036
13082
13170
13216
13304
13350
13442
13455
13524
13548
13617
13641
13710
13734
13803
13827
13896
13920
13989
14013
14082
14106
14175
14246
14334
14380
14468
14514
14602
14648
14736
14782
14870
14916
15004
15050
15138
15184
15276
15289
15358
15382
15451
15475
15544
15568
15637
15661
15730
15754
15823
15847
15916
15940
16009
16080
16168
16214
16302
16348
16436
16482
16570
16616
16704
16750
16838
16884
16972
17018
17110
17123
17192
17216
17285
17309
17378
17402
17471
17495
17564
17588
17657
17681
17750
17774
17843
17914
18002
18048
18136
18182
18270
18316
18404
18450
18538
18584
18672
18718
18806
18852
18944
18957
19026
19050
19119
19143
19212
19236
19305
19329
19398
19422
19491
19515
19584
19608
19677
19748
19836
19882
19970
20016
20104
20150
20238
20284
20372
20418
20506
20552
20640
20686
20778
20791
20860
20884
20953
20977
21046
21070
21139
21163
21232
21256
21325
21349
21418
21442
21511
21582
21670
21716
21804
21850
21938
21984
22072
22118
22206
22252
22340
22386
22474
22520
22612
22625
22694
22718
22787
22811
22880
22904
22973
22997
23066
23090
23159
23183
23252
23276
23345
23416
23504
23550
23638
23684
23772
23818
23906
23952
24040
24086
24174
24220
24308
24354
24446
24459
24528
24552
24621
24645
24714
24738
24807
24831
24900
24924
24993
25017
25086
25110
25179
25250
25338
25384
25472
25518
25606
25652
25740
25786
25874
25920
26008
26054
26142
26188
26280
26293
26362
26386
26455
26479
26548
26572
26641
26665
26734
26758
26827
26851
26920
26944
27013
27084
27172
27218
27306
27352
27440
27486
27574
27620
27708
27754
27842
27888
27976
28022
28114
28127
28196
28220
28289
28313
28382
28406
28475
28499
28568
28592
28661
28685
28754
28778
28847
28918
29006
29052
29140
29186
29274
29320
29408
29454
29542
29588
29676
29722
29810
29856
29948
29961
30030
30054
30123
30147
30216
30240
30309
30333
30402
30426
30495
30519
30588
30612
30681
30752
30840
30886
30974
31020
31108
31154
31242
31288
31376
31422
31510
31556
31644
31690
31782
31795
31864
31888
31957
31981
32050
32074
32143
32167
32236
32260
32329
32353
32422
32446
32515
32586
32674
32720
32808
32854
32942
32988
33076
33122
33210
33256
33344
33390
33478
33524
33616
33629
33698
33722
33791
33815
33884
33908
33977
34001
34070
34094
34163
34187
34256
34280
34349
34420
34508
34554
34642
34688
34776
34822
34910
34956
35044
35090
35178
35224
35312
35358
35450
35463
35532
35556
35625
35649
35718
35742
35811
35835
35904
35928
35997
36021
36090
36114
36183
36254
36342
36388
36476
36522
36610
36656
36744
36790
36878
36924
37012
37058
37146
37192
37284
37297
37366
37390
37459
37483
37552
37576
37645
37669
37738
37762
37831
37855
37924
37948
38017
38088
38176
38222
38310
38356
38444
38490
38578
38624
38712
38758
38846
38892
38980
39026
39118
39131
39200
39224
39293
39317
39386
39410
39479
39503
39572
39596
39665
39689
39758
39782
39851
39922
40010
40056
40144
40190
40278
40324
40412
40458
40546
40592
40680
40726
40814
40860
40952
40965
41034
41058
41127
41151
41220
41244
41313
41337
41406
41430
41499
41523
41592
41616
41685
41756
41844
41890
41978
42024
42112
42158
42246
42292
42380
42426
42514
42560
42648
42694
42786
42799
42868
42892
42961
42985
43054
43078
43147
43171
43240
43264
43333
43357
43426
43450
43519
43590
43678
43724
43812
43858
43946
43992
44080
44126
44214
44260
44348
44394
44482
44528
44620
44633
44702
44726
44795
44819
44888
44912
44981
45005
45074
45098
45167
45191
45260
45284
45353
45424
45512
45558
45646
45692
45780
45826
45914
45960
46048
46094
46182
46228
46316
46362
46454
46467
46536
46560
46629
46653
46722
46746
46815
46839
46908
46932
47001
47025
47094
47118
47187
47258
47346
47392
47480
47526
47614
47660
47748
47794
47882
47928
48016
48062
48150
48196
48288
48301
48370
48394
48463
48487
48556
48580
48649
48673
48742
48766
48835
48859
48928
48952
49021
49092
49180
49226
49314
49360
49448
49494
49582
49628
49716
49762
49850
49896
49984
50030
50122
50135
50204
50228
50297
50321
50390
50414
50483
50507
50576
50600
50669
50693
50762
50786
50855
50926
51014
51060
51148
51194
51282
51328
51416
51462
51550
51596
51684
51730
51818
51864
51956
51969
52038
52062
52131
52155
52224
52248
52317
52341
52410
52434
52503
52527
52596
52620
52689
52760
52848
52894
52982
53028
53116
53162
53250
53296
53384
53430
53518
53564
53652
53698
53790
53803
53872
53896
53965
53989
54058
54082
54151
54175
54244
54268
54337
54361
54430
54454
54523
54594
54682
54728
54816
54862
54950
54996
55084
55130
55218
55264
55352
55398
55486
55532
55624
55678
55766
55812
55900
55946
56034
56080
56168
56214
56302
56348
56436
56482
56570
56616
56708
56762
56850
56896
56984
57030
57118
57164
57252
57298
57386
57432
57520
57566
57654
57700
57792
57846
57934
57980
58068
58114
58202
58248
58336
58382
58470
58516
58604
58650
58738
58784
58876
59183
59252
59276
59345
59369
59438
59462
59531
59555
59624
59648
59717
59741
59810
59834
59903
59933
60002
60026
60095
60119
60188
60212
60281
60305
60374
60398
60467
60491
60560
60584
60653
60683
60752
60776
60845
60869
60938
60962
61031
61055
61124
61148
61217
61241
61310
61334
61403
61433
61502
61526
61595
61619
61688
61712
61781
61805
61874
61898
61967
61991
62060
62084
62153
62224
62312
62358
62446
62492
62580
62626
62714
62760
62848
62894
62982
63028
63116
63162
63254
63267
63336
63360
63429
63453
63522
63546
63615
63639
63708
63732
63801
63825
63894
63918
63987
64058
64146
64192
64280
64326
64414
64460
64548
64594
64682
64728
64816
64862
64950
64996
65088
65101
65170
65194
65263
65287
65356
65380
65449
65473
65542
65566
65635
65659
65728
65752
65821
65892
65980
66026
66114
66160
66248
66294
66382
66428
66516
66562
66650
66696
66784
66830
66922
66935
67004
67028
67097
67121
67190
67214
67283
67307
67376
67400
67469
67493
67562
67586
67655
67726
67814
67860
67948
67994
68082
68128
68216
68262
68350
68396
68484
68530
68618
68664
68756
68769
68838
68862
68931
68955
69024
69048
69117
69141
69210
69234
69303
69327
69396
69420
69489
69560
69648
69694
69782
69828
69916
69962
70050
70096
70184
70230
70318
70364
70452
70498
70590
70603
70672
70696
70765
70789
70858
70882
70951
70975
71044
71068
71137
71161
71230
71254
71323
71394
71482
71528
71616
71662
71750
71796
71884
71930
72018
72064
72152
72198
72286
72332
72424
72437
72506
72530
72599
72623
72692
72716
72785
72809
72878
72902
72971
72995
73064
73088
73157
73228
73316
73362
73450
73496
73584
73630
73718
73764
73852
73898
73986
74032
74120
74166
74258
74271
74340
74364
74433
74457
74526
74550
74619
74643
74712
74736
74805
74829
74898
74922
74991
75062
75150
75196
75284
75330
75418
75464
75552
75598
75686
75732
75820
75866
75954
76000
76092
76105
76174
76198
76267
76291
76360
76384
76453
76477
76546
76570
76639
76663
76732
76756
76825
76896
76984
77030
77118
77164
77252
77298
77386
77432
77520
77566
77654
77700
77788
77834
77926
77939
78008
78032
78101
78125
78194
78218
78287
78311
78380
78404
78473
78497
78566
78590
78659
78730
78818
78864
78952
78998
79086
79132
79220
79266
79354
79400
79488
79534
79622
79668
79760
79773
79842
79866
79935
79959
80028
80052
80121
80145
80214
80238
80307
80331
80400
80424
80493
80564
80652
80698
80786
80832
80920
80966
81054
81100
81188
81234
81322
81368
81456
81502
81594
81607
81676
81700
81769
81793
81862
81886
81955
81979
82048
82072
82141
82165
82234
82258
82327
82398
82486
82532
82620
82666
82754
82800
82888
82934
83022
83068
83156
83202
83290
83336
83428
83441
83510
83534
83603
83627
83696
83720
83789
83813
83882
83906
83975
83999
84068
84092
84161
84232
84320
84366
84454
84500
84588
84634
84722
84768
84856
84902
84990
85036
85124
85170
85262
85275
85344
85368
85437
85461
85530
85554
85623
85647
85716
85740
85809
85833
85902
85926
85995
86066
86154
86200
86288
86334
86422
86468
86556
86602
86690
86736
86824
86870
86958
87004
87096
87109
87178
87202
87271
87295
87364
87388
87457
87481
87550
87574
87643
87667
87736
87760
87829
87900
87988
88034
88122
88168
88256
88302
88390
88436
88524
88570
88658
88704
88792
88838
88930
88943
89012
89036
89105
89129
89198
89222
89291
89315
89384
89408
89477
89501
89570
89594
89663
89734
89822
89868
89956
90002
90090
90136
90224
90270
90358
90404
90492
90538
90626
90672
90764
90777
90846
90870
90939
90963
91032
91056
91125
91149
91218
91242
91311
91335
91404
91428
91497
91568
91656
91702
91790
91836
91924
91970
92058
92104
92192
92238
92326
92372
92460
92506
92598
92611
92680
92704
92773
92797
92866
92890
92959
92983
93052
93076
93145
93169
93238
93262
93331
93402
93490
93536
93624
93670
93758
93804
93892
93938
94026
94072
94160
94206
94294
94340
94432
94445
94514
94538
94607
94631
94700
94724
94793
94817
94886
94910
94979
95003
95072
95096
95165
95236
95324
95370
95458
95504
95592
95638
95726
95772
95860
95906
95994
96040
96128
96174
96266
96279
96348
96372
96441
96465
96534
96558
96627
96651
96720
96744
96813
96837
96906
96930
96999
97070
97158
97204
97292
97338
97426
97472
97560
97606
97694
97740
97828
97874
97962
98008
98100
98113
98182
98206
98275
98299
98368
98392
98461
98485
98554
98578
98647
98671
98740
98764
98833
98904
98992
99038
99126
99172
99260
99306
99394
99440
99528
99574
99662
99708
99796
99842
99934
99947
100016
100040
100109
100133
100202
100226
100295
100319
100388
100412
100481
100505
100574
100598
100667
100738
100826
100872
100960
101006
101094
101140
101228
101274
101362
101408
101496
101542
101630
101676
101768
101781
101850
101874
101943
101967
102036
102060
102129
102153
102222
102246
102315
102339
102408
102432
102501
102572
102660
102706
102794
102840
102928
102974
103062
103108
103196
103242
103330
103376
103464
103510
103602
103615
103684
103708
103777
103801
103870
103894
103963
103987
104056
104080
104149
104173
104242
104266
104335
104406
104494
104540
104628
104674
104762
104808
104896
104942
105030
105076
105164
105210
105298
105344
105436
105449
105518
105542
105611
105635
105704
105728
105797
105821
105890
105914
105983
106007
106076
106100
106169
106240
106328
106374
106462
106508
106596
106642
106730
106776
106864
106910
106998
107044
107132
107178
107270
107283
107352
107376
107445
107469
107538
107562
107631
107655
107724
107748
107817
107841
107910
107934
108003
108074
108162
108208
108296
108342
108430
108476
108564
108610
108698
108744
108832
108878
108966
109012
109104
109117
109186
109210
109279
109303
109372
109396
109465
109489
109558
109582
109651
109675
109744
109768
109837
109908
109996
110042
110130
110176
110264
110310
110398
110444
110532
110578
110666
110712
110800
110846
110938
110951
111020
111044
111113
111137
111206
111230
111299
111323
111392
111416
111485
111509
111578
111602
111671
111742
111830
111876
111964
112010
112098
112144
112232
112278
112366
112412
112500
112546
112634
112680
112772
112785
112854
112878
112947
112971
113040
113064
113133
113157
113226
113250
113319
113343
113412
113436
113505
113576
113664
113710
113798
113844
113932
113978
114066
114112
114200
114246
114334
114380
114468
114514
114606
114660
114748
114794
114882
114928
115016
115062
115150
115196
115284
115330
115418
115464
115552
115598
115690
115744
115832
115878
115966
116012
116100
116146
116234
116280
116368
116414
116502
116548
116636
116682
116774
116828
116916
116962
117050
117096
117184
117230
117318
117364
117452
117498
117586
117632
117720
117766
117858
147
148
149
150
151
152
153
154
155
156
157
158
159
160
161
162
163
164
165
166
167
168
169
170
171
172
173
174
175
176
177
178
179
180
181
182
183
184
185
186
187
188
189
190
191
192
193
194
195
206
215
220
232
269
275
284
287
293
299
308
313
325
362
368
377
380
386
392
401
406
418
455
461
470
473
479
485
494
499
511
548
554
563
566
572
578
587
592
604
641
647
656
659
665
671
680
685
697
734
740
749
752
758
764
773
778
790
827
833
842
845
851
857
866
871
883
920
926
935
938
956
965
970
982
1019
1025
1034
1037
1043
1049
1058
1063
1075
1112
1118
1127
1130
1136
1142
1151
1156
1168
1205
1211
1220
1223
1229
1235
1244
1249
1261
1298
1304
1313
1316
1322
1328
1337
1342
1354
1391
1397
1406
1409
1415
1421
1430
1435
1447
1484
1490
1499
1502
1508
1514
1523
1528
1540
1577
1583
1592
1595
1601
1607
1616
1621
1633
1670
1676
1685
1688
1706
1715
1720
1732
1769
1775
1784
1787
1793
1799
1808
1813
1825
1862
1868
1877
1880
1886
1892
1901
1906
1918
1955
1961
1970
1973
1979
1985
1994
1999
2011
2048
2054
2063
2066
2072
2078
2087
2092
2104
2141
2147
2156
2159
2165
2171
2180
2185
2197
2234
2240
2249
2252
2258
2264
2273
2278
2290
2327
2333
2342
2345
2351
2357
2366
2371
2383
2420
2426
2435
2438
2456
2465
2470
2482
2519
2525
2534
2537
2543
2549
2558
2563
2575
2612
2618
2627
2630
2636
2642
2651
2656
2668
2705
2711
2720
2723
2729
2735
2744
2749
2761
2798
2804
2813
2816
2822
2828
2837
2842
2854
2891
2897
2906
2909
2915
2921
2930
2935
2947
2984
2990
2999
3002
3008
3014
3023
3028
3040
3077
3083
3092
3095
3101
3107
3116
3121
3133
3170
3176
3185
3188
3204
3207
3213
3263
3276
3289
3300
3338
3341
3347
3397
3410
3423
3434
3472
3475
3481
3531
3544
3557
3568
3606
3609
3615
3665
3678
3691
3702
3740
3743
3749
3799
3812
3825
3836
3874
3877
3883
3933
3946
3959
3970
4008
4011
4017
4067
4080
4093
4104
4142
4145
4151
4201
4214
4227
4238
4290
4299
4304
4316
4353
4359
4368
4371
4377
4383
4392
4397
4409
4446
4452
4461
4464
4470
4476
4485
4490
4502
4539
4545
4554
4557
4563
4569
4578
4583
4595
4632
4638
4647
4650
4656
4662
4671
4676
4688
4725
4731
4740
4743
4749
4755
4764
4769
4781
4818
4824
4833
4836
4842
4848
4857
4862
4874
4911
4917
4926
4929
4935
4941
4950
4955
4967
5004
5010
5019
5022
5038
5041
5047
5097
5110
5123
5134
5172
5175
5181
5231
5244
5257
5268
5306
5309
5315
5365
5378
5391
5402
5440
5443
5449
5499
5512
5525
5536
5574
5577
5583
5633
5646
5659
5670
5708
5711
5717
5767
5780
5793
5804
5842
5845
5851
5901
5914
5927
5938
5976
5979
5985
6035
6048
6061
6072
6124
6133
6138
6150
6187
6193
6202
6205
6211
6217
6226
6231
6243
6280
6286
6295
6298
6304
6310
6319
6324
6336
6373
6379
6388
6391
6397
6403
6412
6417
6429
6466
6472
6481
6484
6490
6496
6505
6510
6522
6559
6565
6574
6577
6583
6589
6598
6603
6615
6652
6658
6667
6670
6676
6682
6691
6696
6708
6745
6751
6760
6763
6769
6775
6784
6789
6801
6838
6844
6853
6856
6872
6875
6881
6931
6944
6957
6968
7006
7009
7015
7065
7078
7091
7102
7140
7143
7149
7199
7212
7225
7236
7274
7277
7283
7333
7346
7359
7370
7408
7411
7417
7467
7480
7493
7504
7542
7545
7551
7601
7614
7627
7638
7676
7679
7685
7735
7748
7761
7772
7810
7813
7819
7869
7882
7895
7906
7958
7967
7972
7984
8021
8027
8036
8039
8045
8051
8060
8065
8077
8114
8120
8129
8132
8138
8144
8153
8158
8170
8207
8213
8222
8225
8231
8237
8246
8251
8263
8300
8306
8315
8318
8324
8330
8339
8344
8356
8393
8399
8408
8411
8417
8423
8432
8437
8449
8486
8492
8501
8504
8510
8516
8525
8530
8542
8579
8585
8594
8597
8603
8609
8618
8623
8635
8672
8678
8687
8690
8706
8709
8715
8765
8778
8791
8802
8840
8843
8849
8899
8912
8925
8936
8974
8977
8983
9033
9046
9059
9070
9108
9111
9117
9167
9180
9193
9204
9242
9245
9251
9301
9314
9327
9338
9376
9379
9385
9435
9448
9461
9472
9510
9513
9519
9569
9582
9595
9606
9644
9647
9653
9703
9716
9729
9740
9792
9801
9806
9818
9855
9861
9870
9873
9879
9885
9894
9899
9911
9948
9954
9963
9966
9972
9978
9987
9992
10004
10041
10047
10056
10059
10065
10071
10080
10085
10097
10134
10140
10149
10152
10158
10164
10173
10178
10190
10227
10233
10242
10245
10251
10257
10266
10271
10283
10320
10326
10335
10338
10344
10350
10359
10364
10376
10413
10419
10428
10431
10437
10443
10452
10457
10469
10506
10512
10521
10524
10540
10543
10549
10599
10612
10625
10636
10674
10677
10683
10733
10746
10759
10770
10808
10811
10817
10867
10880
10893
10904
10942
10945
10951
11001
11014
11027
11038
11076
11079
11085
11135
11148
11161
11172
11210
11213
11219
11269
11282
11295
11306
11344
11347
11353
11403
11416
11429
11440
11478
11481
11487
11537
11550
11563
11574
11626
11635
11640
11652
11689
11695
11704
11707
11713
11719
11728
11733
11745
11782
11788
11797
11800
11806
11812
11821
11826
11838
11875
11881
11890
11893
11899
11905
11914
11919
11931
11968
11974
11983
11986
11992
11998
12007
12012
12024
12061
12067
12076
12079
12085
12091
12100
12105
12117
12154
12160
12169
12172
12178
12184
12193
12198
12210
12247
12253
12262
12265
12271
12277
12286
12291
12303
12340
12346
12355
12358
12374
12377
12383
12433
12446
12459
12470
12508
12511
12517
12567
12580
12593
12604
12642
12645
12651
12701
12714
12727
12738
12776
12779
12785
12835
12848
12861
12872
12910
12913
12919
12969
12982
12995
13006
13044
13047
13053
13103
13116
13129
13140
13178
13181
13187
13237
13250
13263
13274
13312
13315
13321
13371
13384
13397
13408
13460
13469
13474
13486
13523
13529
13538
13541
13547
13553
13562
13567
13579
13616
13622
13631
13634
13640
13646
13655
13660
13672
13709
13715
13724
13727
13733
13739
13748
13753
13765
13802
13808
13817
13820
13826
13832
13841
13846
13858
13895
13901
13910
13913
13919
13925
13934
13939
13951
13988
13994
14003
14006
14012
14018
14027
14032
14044
14081
14087
14096
14099
14105
14111
14120
14125
14137
14174
14180
14189
14192
14208
14211
14217
14267
14280
14293
14304
14342
14345
14351
14401
14414
14427
14438
14476
14479
14485
14535
14548
14561
14572
14610
14613
14619
14669
14682
14695
14706
14744
14747
14753
14803
14816
14829
14840
14878
14881
14887
14937
14950
14963
14974
15012
15015
15021
15071
15084
15097
15108
15146
15149
15155
15205
15218
15231
15242
15294
15303
15308
15320
15357
15363
15372
15375
15381
15387
15396
15401
15413
15450
15456
15465
15468
15474
15480
15489
15494
15506
15543
15549
15558
15561
15567
15573
15582
15587
15599
15636
15642
15651
15654
15660
15666
15675
15680
15692
15729
15735
15744
15747
15753
15759
15768
15773
15785
15822
15828
15837
15840
15846
15852
15861
15866
15878
15915
15921
15930
15933
15939
15945
15954
15959
15971
16008
16014
16023
16026
16042
16045
16051
16101
16114
16127
16138
16176
16179
16185
16235
16248
16261
16272
16310
16313
16319
16369
16382
16395
16406
16444
16447
16453
16503
16516
16529
16540
16578
16581
16587
16637
16650
16663
16674
16712
16715
16721
16771
16784
16797
16808
16846
16849
16855
16905
16918
16931
16942
16980
16983
16989
17039
17052
17065
17076
17128
17137
17142
17154
17191
17197
17206
17209
17215
17221
17230
17235
17247
17284
17290
17299
17302
17308
17314
17323
17328
17340
17377
17383
17392
17395
17401
17407
17416
17421
17433
17470
17476
17485
17488
17494
17500
17509
17514
17526
17563
17569
17578
17581
17587
17593
17602
17607
17619
17656
17662
17671
17674
17680
17686
17695
17700
17712
17749
17755
17764
17767
17773
17779
17788
17793
17805
17842
17848
17857
17860
17876
17879
17885
17935
17948
17961
17972
18010
18013
18019
18069
18082
18095
18106
18144
18147
18153
18203
18216
18229
18240
18278
18281
18287
18337
18350
18363
18374
18412
18415
18421
18471
18484
18497
18508
18546
18549
18555
18605
18618
18631
18642
18680
18683
18689
18739
18752
18765
18776
18814
18817
18823
18873
18886
18899
18910
18962
18971
18976
18988
19025
19031
19040
19043
19049
19055
19064
19069
19081
19118
19124
19133
19136
19142
19148
19157
19162
19174
19211
19217
19226
19229
19235
19241
19250
19255
19267
19304
19310
19319
19322
19328
19334
19343
19348
19360
19397
19403
19412
19415
19421
19427
19436
19441
19453
19490
19496
19505
19508
19514
19520
19529
19534
19546
19583
19589
19598
19601
19607
19613
19622
19627
19639
19676
19682
19691
19694
19710
19713
19719
19769
19782
19795
19806
19844
19847
19853
19903
19916
19929
19940
19978
19981
19987
20037
20050
20063
20074
20112
20115
20121
20171
20184
20197
20208
20246
20249
20255
20305
20318
20331
20342
20380
20383
20389
20439
20452
20465
20476
20514
20517
20523
20573
20586
20599
20610
20648
20651
20657
20707
20720
20733
20744
20796
20805
20810
20822
20859
20865
20874
20877
20883
20889
20898
20903
20915
20952
20958
20967
20970
20976
20982
20991
20996
21008
21045
21051
21060
21063
21069
21075
21084
21089
21101
21138
21144
21153
21156
21162
21168
21177
21182
21194
21231
21237
21246
21249
21255
21261
21270
21275
21287
21324
21330
21339
21342
21348
21354
21363
21368
21380
21417
21423
21432
21435
21441
21447
21456
21461
21473
21510
21516
21525
21528
21544
21547
21553
21603
21616
21629
21640
21678
21681
21687
21737
21750
21763
21774
21812
21815
21821
21871
21884
21897
21908
21946
21949
21955
22005
22018
22031
22042
22080
22083
22089
22139
22152
22165
22176
22214
22217
22223
22273
22286
22299
22310
22348
22351
22357
22407
22420
22433
22444
22482
22485
22491
22541
22554
22567
22578
22630
22639
22644
22656
22693
22699
22708
22711
22717
22723
22732
22737
22749
22786
22792
22801
22804
22810
22816
22825
22830
22842
22879
22885
22894
22897
22903
22909
22918
22923
22935
22972
22978
22987
22990
22996
23002
23011
23016
23028
23065
23071
23080
23083
23089
23095
23104
23109
23121
23158
23164
23173
23176
23182
23188
23197
23202
23214
23251
23257
23266
23269
23275
23281
23290
23295
23307
23344
23350
23359
23362
23378
23381
23387
23437
23450
23463
23474
23512
23515
23521
23571
23584
23597
23608
23646
23649
23655
23705
23718
23731
23742
23780
23783
23789
23839
23852
23865
23876
23914
23917
23923
23973
23986
23999
24010
24048
24051
24057
24107
24120
24133
24144
24182
24185
24191
24241
24254
24267
24278
24316
24319
24325
24375
24388
24401
24412
24464
24473
24478
24490
24527
24533
24542
24545
24551
24557
24566
24571
24583
24620
24626
24635
24638
24644
24650
24659
24664
24676
24713
24719
24728
24731
24737
24743
24752
24757
24769
24806
24812
24821
24824
24830
24836
24845
24850
24862
24899
24905
24914
24917
24923
24929
24938
24943
24955
24992
24998
25007
25010
25016
25022
25031
25036
25048
25085
25091
25100
25103
25109
25115
25124
25129
25141
25178
25184
25193
25196
25212
25215
25221
25271
25284
25297
25308
25346
25349
25355
25405
25418
25431
25442
25480
25483
25489
25539
25552
25565
25576
25614
25617
25623
25673
25686
25699
25710
25748
25751
25757
25807
25820
25833
25844
25882
25885
25891
25941
25954
25967
25978
26016
26019
26025
26075
26088
26101
26112
26150
26153
26159
26209
26222
26235
26246
26298
26307
26312
26324
26361
26367
26376
26379
26385
26391
26400
26405
26417
26454
26460
26469
26472
26478
26484
26493
26498
26510
26547
26553
26562
26565
26571
26577
26586
26591
26603
26640
26646
26655
26658
26664
26670
26679
26684
26696
26733
26739
26748
26751
26757
26763
26772
26777
26789
26826
26832
26841
26844
26850
26856
26865
26870
26882
26919
26925
26934
26937
26943
26949
26958
26963
26975
27012
27018
27027
27030
27046
27049
27055
27105
27118
27131
27142
27180
27183
27189
27239
27252
27265
27276
27314
27317
27323
27373
27386
27399
27410
27448
27451
27457
27507
27520
27533
27544
27582
27585
27591
27641
27654
27667
27678
27716
27719
27725
27775
27788
27801
27812
27850
27853
27859
27909
27922
27935
27946
27984
27987
27993
28043
28056
28069
28080
28132
28141
28146
28158
28195
28201
28210
28213
28219
28225
28234
28239
28251
28288
28294
28303
28306
28312
28318
28327
28332
28344
28381
28387
28396
28399
28405
28411
28420
28425
28437
28474
28480
28489
28492
28498
28504
28513
28518
28530
28567
28573
28582
28585
28591
28597
28606
28611
28623
28660
28666
28675
28678
28684
28690
28699
28704
28716
28753
28759
28768
28771
28777
28783
28792
28797
28809
28846
28852
28861
28864
28880
28883
28889
28939
28952
28965
28976
29014
29017
29023
29073
29086
29099
29110
29148
29151
29157
29207
29220
29233
29244
29282
29285
29291
29341
29354
29367
29378
29416
29419
29425
29475
29488
29501
29512
29550
29553
29559
29609
29622
29635
29646
29684
29687
29693
29743
29756
29769
29780
29818
29821
29827
29877
29890
29903
29914
29966
29975
29980
29992
30029
30035
30044
30047
30053
30059
30068
30073
30085
30122
30128
30137
30140
30146
30152
30161
30166
30178
30215
30221
30230
30233
30239
30245
30254
30259
30271
30308
30314
30323
30326
30332
30338
30347
30352
30364
30401
30407
30416
30419
30425
30431
30440
30445
30457
30494
30500
30509
30512
30518
30524
30533
30538
30550
30587
30593
30602
30605
30611
30617
30626
30631
30643
30680
30686
30695
30698
30714
30717
30723
30773
30786
30799
30810
30848
30851
30857
30907
30920
30933
30944
30982
30985
30991
31041
31054
31067
31078
31116
31119
31125
31175
31188
31201
31212
31250
31253
31259
31309
31322
31335
31346
31384
31387
31393
31443
31456
31469
31480
31518
31521
31527
31577
31590
31603
31614
31652
31655
31661
31711
31724
31737
31748
31800
31809
31814
31826
31863
31869
31878
31881
31887
31893
31902
31907
31919
31956
31962
31971
31974
31980
31986
31995
32000
32012
32049
32055
32064
32067
32073
32079
32088
32093
32105
32142
32148
32157
32160
32166
32172
32181
32186
32198
32235
32241
32250
32253
32259
32265
32274
32279
32291
32328
32334
32343
32346
32352
32358
32367
32372
32384
32421
32427
32436
32439
32445
32451
32460
32465
32477
32514
32520
32529
32532
32548
32551
32557
32607
32620
32633
32644
32682
32685
32691
32741
32754
32767
32778
32816
32819
32825
32875
32888
32901
32912
32950
32953
32959
33009
33022
33035
33046
33084
33087
33093
33143
33156
33169
33180
33218
33221
33227
33277
33290
33303
33314
33352
33355
33361
33411
33424
33437
33448
33486
33489
33495
33545
33558
33571
33582
33634
33643
33648
33660
33697
33703
33712
33715
33721
33727
33736
33741
33753
33790
33796
33805
33808
33814
33820
33829
33834
33846
33883
33889
33898
33901
33907
33913
33922
33927
33939
33976
33982
33991
33994
34000
34006
34015
34020
34032
34069
34075
34084
34087
34093
34099
34108
34113
34125
34162
34168
34177
34180
34186
34192
34201
34206
34218
34255
34261
34270
34273
34279
34285
34294
34299
34311
34348
34354
34363
34366
34382
34385
34391
34441
34454
34467
34478
34516
34519
34525
34575
34588
34601
34612
34650
34653
34659
34709
34722
34735
34746
34784
34787
34793
34843
34856
34869
34880
34918
34921
34927
34977
34990
35003
35014
35052
35055
35061
35111
35124
35137
35148
35186
35189
35195
35245
35258
35271
35282
35320
35323
35329
35379
35392
35405
35416
35468
35477
35482
35494
35531
35537
35546
35549
35555
35561
35570
35575
35587
35624
35630
35639
35642
35648
35654
35663
35668
35680
35717
35723
35732
35735
35741
35747
35756
35761
35773
35810
35816
35825
35828
35834
35840
35849
35854
35866
35903
35909
35918
35921
35927
35933
35942
35947
35959
35996
36002
36011
36014
36020
36026
36035
36040
36052
36089
36095
36104
36107
36113
36119
36128
36133
36145
36182
36188
36197
36200
36216
36219
36225
36275
36288
36301
36312
36350
36353
36359
36409
36422
36435
36446
36484
36487
36493
36543
36556
36569
36580
36618
36621
36627
36677
36690
36703
36714
36752
36755
36761
36811
36824
36837
36848
36886
36889
36895
36945
36958
36971
36982
37020
37023
37029
37079
37092
37105
37116
37154
37157
37163
37213
37226
37239
37250
37302
37311
37316
37328
37365
37371
37380
37383
37389
37395
37404
37409
37421
37458
37464
37473
37476
37482
37488
37497
37502
37514
37551
37557
37566
37569
37575
37581
37590
37595
37607
37644
37650
37659
37662
37668
37674
37683
37688
37700
37737
37743
37752
37755
37761
37767
37776
37781
37793
37830
37836
37845
37848
37854
37860
37869
37874
37886
37923
37929
37938
37941
37947
37953
37962
37967
37979
38016
38022
38031
38034
38050
38053
38059
38109
38122
38135
38146
38184
38187
38193
38243
38256
38269
38280
38318
38321
38327
38377
38390
38403
38414
38452
38455
38461
38511
38524
38537
38548
38586
38589
38595
38645
38658
38671
38682
38720
38723
38729
38779
38792
38805
38816
38854
38857
38863
38913
38926
38939
38950
38988
38991
38997
39047
39060
39073
39084
39136
39145
39150
39162
39199
39205
39214
39217
39223
39229
39238
39243
39255
39292
39298
39307
39310
39316
39322
39331
39336
39348
39385
39391
39400
39403
39409
39415
39424
39429
39441
39478
39484
39493
39496
39502
39508
39517
39522
39534
39571
39577
39586
39589
39595
39601
39610
39615
39627
39664
39670
39679
39682
39688
39694
39703
39708
39720
39757
39763
39772
39775
39781
39787
39796
39801
39813
39850
39856
39865
39868
39884
39887
39893
39943
39956
39969
39980
40018
40021
40027
40077
40090
40103
40114
40152
40155
40161
40211
40224
40237
40248
40286
40289
40295
40345
40358
40371
40382
40420
40423
40429
40479
40492
40505
40516
40554
40557
40563
40613
40626
40639
40650
40688
40691
40697
40747
40760
40773
40784
40822
40825
40831
40881
40894
40907
40918
40970
40979
40984
40996
41033
41039
41048
41051
41057
41063
41072
41077
41089
41126
41132
41141
41144
41150
41156
41165
41170
41182
41219
41225
41234
41237
41243
41249
41258
41263
41275
41312
41318
41327
41330
41336
41342
41351
41356
41368
41405
41411
41420
41423
41429
41435
41444
41449
41461
41498
41504
41513
41516
41522
41528
41537
41542
41554
41591
41597
41606
41609
41615
41621
41630
41635
41647
41684
41690
41699
41702
41718
41721
41727
41777
41790
41803
41814
41852
41855
41861
41911
41924
41937
41948
41986
41989
41995
42045
42058
42071
42082
42120
42123
42129
42179
42192
42205
42216
42254
42257
42263
42313
42326
42339
42350
42388
42391
42397
42447
42460
42473
42484
42522
42525
42531
42581
42594
42607
42618
42656
42659
42665
42715
42728
42741
42752
42804
42813
42818
42830
42867
42873
42882
42885
42891
42897
42906
42911
42923
42960
42966
42975
42978
42984
42990
42999
43004
43016
43053
43059
43068
43071
43077
43083
43092
43097
43109
43146
43152
43161
43164
43170
43176
43185
43190
43202
43239
43245
43254
43257
43263
43269
43278
43283
43295
43332
43338
43347
43350
43356
43362
43371
43376
43388
43425
43431
43440
43443
43449
43455
43464
43469
43481
43518
43524
43533
43536
43552
43555
43561
43611
43624
43637
43648
43686
43689
43695
43745
43758
43771
43782
43820
43823
43829
43879
43892
43905
43916
43954
43957
43963
44013
44026
44039
44050
44088
44091
44097
44147
44160
44173
44184
44222
44225
44231
44281
44294
44307
44318
44356
44359
44365
44415
44428
44441
44452
44490
44493
44499
44549
44562
44575
44586
44638
44647
44652
44664
44701
44707
44716
44719
44725
44731
44740
44745
44757
44794
44800
44809
44812
44818
44824
44833
44838
44850
44887
44893
44902
44905
44911
44917
44926
44931
44943
44980
44986
44995
44998
45004
45010
45019
45024
45036
45073
45079
45088
45091
45097
45103
45112
45117
45129
45166
45172
45181
45184
45190
45196
45205
45210
45222
45259
45265
45274
45277
45283
45289
45298
45303
45315
45352
45358
45367
45370
45386
45389
45395
45445
45458
45471
45482
45520
45523
45529
45579
45592
45605
45616
45654
45657
45663
45713
45726
45739
45750
45788
45791
45797
45847
45860
45873
45884
45922
45925
45931
45981
45994
46007
46018
46056
46059
46065
46115
46128
46141
46152
46190
46193
46199
46249
46262
46275
46286
46324
46327
46333
46383
46396
46409
46420
46472
46481
46486
46498
46535
46541
46550
46553
46559
46565
46574
46579
46591
46628
46634
46643
46646
46652
46658
46667
46672
46684
46721
46727
46736
46739
46745
46751
46760
46765
46777
46814
46820
46829
46832
46838
46844
46853
46858
46870
46907
46913
46922
46925
46931
46937
46946
46951
46963
47000
47006
47015
47018
47024
47030
47039
47044
47056
47093
47099
47108
47111
47117
47123
47132
47137
47149
47186
47192
47201
47204
47220
47223
47229
47279
47292
47305
47316
47354
47357
47363
47413
47426
47439
47450
47488
47491
47497
47547
47560
47573
47584
47622
47625
47631
47681
47694
47707
47718
47756
47759
47765
47815
47828
47841
47852
47890
47893
47899
47949
47962
47975
47986
48024
48027
48033
48083
48096
48109
48120
48158
48161
48167
48217
48230
48243
48254
48306
48315
48320
48332
48369
48375
48384
48387
48393
48399
48408
48413
48425
48462
48468
48477
48480
48486
48492
48501
48506
48518
48555
48561
48570
48573
48579
48585
48594
48599
48611
48648
48654
48663
48666
48672
48678
48687
48692
48704
48741
48747
48756
48759
48765
48771
48780
48785
48797
48834
48840
48849
48852
48858
48864
48873
48878
48890
48927
48933
48942
48945
48951
48957
48966
48971
48983
49020
49026
49035
49038
49054
49057
49063
49113
49126
49139
49150
49188
49191
49197
49247
49260
49273
49284
49322
49325
49331
49381
49394
49407
49418
49456
49459
49465
49515
49528
49541
49552
49590
49593
49599
49649
49662
49675
49686
49724
49727
49733
49783
49796
49809
49820
49858
49861
49867
49917
49930
49943
49954
49992
49995
50001
50051
50064
50077
50088
50140
50149
50154
50166
50203
50209
50218
50221
50227
50233
50242
50247
50259
50296
50302
50311
50314
50320
50326
50335
50340
50352
50389
50395
50404
50407
50413
50419
50428
50433
50445
50482
50488
50497
50500
50506
50512
50521
50526
50538
50575
50581
50590
50593
50599
50605
50614
50619
50631
50668
50674
50683
50686
50692
50698
50707
50712
50724
50761
50767
50776
50779
50785
50791
50800
50805
50817
50854
50860
50869
50872
50888
50891
50897
50947
50960
50973
50984
51022
51025
51031
51081
51094
51107
51118
51156
51159
51165
51215
51228
51241
51252
51290
51293
51299
51349
51362
51375
51386
51424
51427
51433
51483
51496
51509
51520
51558
51561
51567
51617
51630
51643
51654
51692
51695
51701
51751
51764
51777
51788
51826
51829
51835
51885
51898
51911
51922
51974
51983
51988
52000
52037
52043
52052
52055
52061
52067
52076
52081
52093
52130
52136
52145
52148
52154
52160
52169
52174
52186
52223
52229
52238
52241
52247
52253
52262
52267
52279
52316
52322
52331
52334
52340
52346
52355
52360
52372
52409
52415
52424
52427
52433
52439
52448
52453
52465
52502
52508
52517
52520
52526
52532
52541
52546
52558
52595
52601
52610
52613
52619
52625
52634
52639
52651
52688
52694
52703
52706
52722
52725
52731
52781
52794
52807
52818
52856
52859
52865
52915
52928
52941
52952
52990
52993
52999
53049
53062
53075
53086
53124
53127
53133
53183
53196
53209
53220
53258
53261
53267
53317
53330
53343
53354
53392
53395
53401
53451
53464
53477
53488
53526
53529
53535
53585
53598
53611
53622
53660
53663
53669
53719
53732
53745
53756
53808
53817
53822
53834
53871
53877
53886
53889
53895
53901
53910
53915
53927
53964
53970
53979
53982
53988
53994
54003
54008
54020
54057
54063
54072
54075
54081
54087
54096
54101
54113
54150
54156
54165
54168
54174
54180
54189
54194
54206
54243
54249
54258
54261
54267
54273
54282
54287
54299
54336
54342
54351
54354
54360
54366
54375
54380
54392
54429
54435
54444
54447
54453
54459
54468
54473
54485
54522
54528
54537
54540
54556
54559
54565
54615
54628
54641
54652
54690
54693
54699
54749
54762
54775
54786
54824
54827
54833
54883
54896
54909
54920
54958
54961
54967
55017
55030
55043
55054
55092
55095
55101
55151
55164
55177
55188
55226
55229
55235
55285
55298
55311
55322
55360
55363
55369
55419
55432
55445
55456
55494
55497
55503
55553
55566
55579
55590
55640
55643
55649
55699
55712
55725
55736
55774
55777
55783
55833
55846
55859
55870
55908
55911
55917
55967
55980
55993
56004
56042
56045
56051
56101
56114
56127
56138
56176
56179
56185
56235
56248
56261
56272
56310
56313
56319
56369
56382
56395
56406
56444
56447
56453
56503
56516
56529
56540
56578
56581
56587
56637
56650
56663
56674
56724
56727
56733
56783
56796
56809
56820
56858
56861
56867
56917
56930
56943
56954
56992
56995
57001
57051
57064
57077
57088
57126
57129
57135
57185
57198
57211
57222
57260
57263
57269
57319
57332
57345
57356
57394
57397
57403
57453
57466
57479
57490
57528
57531
57537
57587
57600
57613
57624
57662
57665
57671
57721
57734
57747
57758
57808
57811
57817
57867
57880
57893
57904
57942
57945
57951
58001
58014
58027
58038
58076
58079
58085
58135
58148
58161
58172
58210
58213
58219
58269
58282
58295
58306
58344
58347
58353
58403
58416
58429
58440
58478
58481
58487
58537
58550
58563
58574
58612
58615
58621
58671
58684
58697
58708
58746
58749
58755
58805
58818
58831
58842
59188
59197
59202
59214
59251
59257
59266
59269
59275
59281
59290
59295
59307
59344
59350
59359
59362
59368
59374
59383
59388
59400
59437
59443
59452
59455
59461
59467
59476
59481
59493
59530
59536
59545
59548
59554
59560
59569
59574
59586
59623
59629
59638
59641
59647
59653
59662
59667
59679
59716
59722
59731
59734
59740
59746
59755
59760
59772
59809
59815
59824
59827
59833
59839
59848
59853
59865
59902
59908
59917
59920
59938
59947
59952
59964
60001
60007
60016
60019
60025
60031
60040
60045
60057
60094
60100
60109
60112
60118
60124
60133
60138
60150
60187
60193
60202
60205
60211
60217
60226
60231
60243
60280
60286
60295
60298
60304
60310
60319
60324
60336
60373
60379
60388
60391
60397
60403
60412
60417
60429
60466
60472
60481
60484
60490
60496
60505
60510
60522
60559
60565
60574
60577
60583
60589
60598
60603
60615
60652
60658
60667
60670
60688
60697
60702
60714
60751
60757
60766
60769
60775
60781
60790
60795
60807
60844
60850
60859
60862
60868
60874
60883
60888
60900
60937
60943
60952
60955
60961
60967
60976
60981
60993
61030
61036
61045
61048
61054
61060
61069
61074
61086
61123
61129
61138
61141
61147
61153
61162
61167
61179
61216
61222
61231
61234
61240
61246
61255
61260
61272
61309
61315
61324
61327
61333
61339
61348
61353
61365
61402
61408
61417
61420
61438
61447
61452
61464
61501
61507
61516
61519
61525
61531
61540
61545
61557
61594
61600
61609
61612
61618
61624
61633
61638
61650
61687
61693
61702
61705
61711
61717
61726
61731
61743
61780
61786
61795
61798
61804
61810
61819
61824
61836
61873
61879
61888
61891
61897
61903
61912
61917
61929
61966
61972
61981
61984
61990
61996
62005
62010
62022
62059
62065
62074
62077
62083
62089
62098
62103
62115
62152
62158
62167
62170
62186
62189
62195
62245
62258
62271
62282
62320
62323
62329
62379
62392
62405
62416
62454
62457
62463
62513
62526
62539
62550
62588
62591
62597
62647
62660
62673
62684
62722
62725
62731
62781
62794
62807
62818
62856
62859
62865
62915
62928
62941
62952
62990
62993
62999
63049
63062
63075
63086
63124
63127
63133
63183
63196
63209
63220
63272
63281
63286
63298
63335
63341
63350
63353
63359
63365
63374
63379
63391
63428
63434
63443
63446
63452
63458
63467
63472
63484
63521
63527
63536
63539
63545
63551
63560
63565
63577
63614
63620
63629
63632
63638
63644
63653
63658
63670
63707
63713
63722
63725
63731
63737
63746
63751
63763
63800
63806
63815
63818
63824
63830
63839
63844
63856
63893
63899
63908
63911
63917
63923
63932
63937
63949
63986
63992
64001
64004
64020
64023
64029
64079
64092
64105
64116
64154
64157
64163
64213
64226
64239
64250
64288
64291
64297
64347
64360
64373
64384
64422
64425
64431
64481
64494
64507
64518
64556
64559
64565
64615
64628
64641
64652
64690
64693
64699
64749
64762
64775
64786
64824
64827
64833
64883
64896
64909
64920
64958
64961
64967
65017
65030
65043
65054
65106
65115
65120
65132
65169
65175
65184
65187
65193
65199
65208
65213
65225
65262
65268
65277
65280
65286
65292
65301
65306
65318
65355
65361
65370
65373
65379
65385
65394
65399
65411
65448
65454
65463
65466
65472
65478
65487
65492
65504
65541
65547
65556
65559
65565
65571
65580
65585
65597
65634
65640
65649
65652
65658
65664
65673
65678
65690
65727
65733
65742
65745
65751
65757
65766
65771
65783
65820
65826
65835
65838
65854
65857
65863
65913
65926
65939
65950
65988
65991
65997
66047
66060
66073
66084
66122
66125
66131
66181
66194
66207
66218
66256
66259
66265
66315
66328
66341
66352
66390
66393
66399
66449
66462
66475
66486
66524
66527
66533
66583
66596
66609
66620
66658
66661
66667
66717
66730
66743
66754
66792
66795
66801
66851
66864
66877
66888
66940
66949
66954
66966
67003
67009
67018
67021
67027
67033
67042
67047
67059
67096
67102
67111
67114
67120
67126
67135
67140
67152
67189
67195
67204
67207
67213
67219
67228
67233
67245
67282
67288
67297
67300
67306
67312
67321
67326
67338
67375
67381
67390
67393
67399
67405
67414
67419
67431
67468
67474
67483
67486
67492
67498
67507
67512
67524
67561
67567
67576
67579
67585
67591
67600
67605
67617
67654
67660
67669
67672
67688
67691
67697
67747
67760
67773
67784
67822
67825
67831
67881
67894
67907
67918
67956
67959
67965
68015
68028
68041
68052
68090
68093
68099
68149
68162
68175
68186
68224
68227
68233
68283
68296
68309
68320
68358
68361
68367
68417
68430
68443
68454
68492
68495
68501
68551
68564
68577
68588
68626
68629
68635
68685
68698
68711
68722
68774
68783
68788
68800
68837
68843
68852
68855
68861
68867
68876
68881
68893
68930
68936
68945
68948
68954
68960
68969
68974
68986
69023
69029
69038
69041
69047
69053
69062
69067
69079
69116
69122
69131
69134
69140
69146
69155
69160
69172
69209
69215
69224
69227
69233
69239
69248
69253
69265
69302
69308
69317
69320
69326
69332
69341
69346
69358
69395
69401
69410
69413
69419
69425
69434
69439
69451
69488
69494
69503
69506
69522
69525
69531
69581
69594
69607
69618
69656
69659
69665
69715
69728
69741
69752
69790
69793
69799
69849
69862
69875
69886
69924
69927
69933
69983
69996
70009
70020
70058
70061
70067
70117
70130
70143
70154
70192
70195
70201
70251
70264
70277
70288
70326
70329
70335
70385
70398
70411
70422
70460
70463
70469
70519
70532
70545
70556
70608
70617
70622
70634
70671
70677
70686
70689
70695
70701
70710
70715
70727
70764
70770
70779
70782
70788
70794
70803
70808
70820
70857
70863
70872
70875
70881
70887
70896
70901
70913
70950
70956
70965
70968
70974
70980
70989
70994
71006
71043
71049
71058
71061
71067
71073
71082
71087
71099
71136
71142
71151
71154
71160
71166
71175
71180
71192
71229
71235
71244
71247
71253
71259
71268
71273
71285
71322
71328
71337
71340
71356
71359
71365
71415
71428
71441
71452
71490
71493
71499
71549
71562
71575
71586
71624
71627
71633
71683
71696
71709
71720
71758
71761
71767
71817
71830
71843
71854
71892
71895
71901
71951
71964
71977
71988
72026
72029
72035
72085
72098
72111
72122
72160
72163
72169
72219
72232
72245
72256
72294
72297
72303
72353
72366
72379
72390
72442
72451
72456
72468
72505
72511
72520
72523
72529
72535
72544
72549
72561
72598
72604
72613
72616
72622
72628
72637
72642
72654
72691
72697
72706
72709
72715
72721
72730
72735
72747
72784
72790
72799
72802
72808
72814
72823
72828
72840
72877
72883
72892
72895
72901
72907
72916
72921
72933
72970
72976
72985
72988
72994
73000
73009
73014
73026
73063
73069
73078
73081
73087
73093
73102
73107
73119
73156
73162
73171
73174
73190
73193
73199
73249
73262
73275
73286
73324
73327
73333
73383
73396
73409
73420
73458
73461
73467
73517
73530
73543
73554
73592
73595
73601
73651
73664
73677
73688
73726
73729
73735
73785
73798
73811
73822
73860
73863
73869
73919
73932
73945
73956
73994
73997
74003
74053
74066
74079
74090
74128
74131
74137
74187
74200
74213
74224
74276
74285
74290
74302
74339
74345
74354
74357
74363
74369
74378
74383
74395
74432
74438
74447
74450
74456
74462
74471
74476
74488
74525
74531
74540
74543
74549
74555
74564
74569
74581
74618
74624
74633
74636
74642
74648
74657
74662
74674
74711
74717
74726
74729
74735
74741
74750
74755
74767
74804
74810
74819
74822
74828
74834
74843
74848
74860
74897
74903
74912
74915
74921
74927
74936
74941
74953
74990
74996
75005
75008
75024
75027
75033
75083
75096
75109
75120
75158
75161
75167
75217
75230
75243
75254
75292
75295
75301
75351
75364
75377
75388
75426
75429
75435
75485
75498
75511
75522
75560
75563
75569
75619
75632
75645
75656
75694
75697
75703
75753
75766
75779
75790
75828
75831
75837
75887
75900
75913
75924
75962
75965
75971
76021
76034
76047
76058
76110
76119
76124
76136
76173
76179
76188
76191
76197
76203
76212
76217
76229
76266
76272
76281
76284
76290
76296
76305
76310
76322
76359
76365
76374
76377
76383
76389
76398
76403
76415
76452
76458
76467
76470
76476
76482
76491
76496
76508
76545
76551
76560
76563
76569
76575
76584
76589
76601
76638
76644
76653
76656
76662
76668
76677
76682
76694
76731
76737
76746
76749
76755
76761
76770
76775
76787
76824
76830
76839
76842
76858
76861
76867
76917
76930
76943
76954
76992
76995
77001
77051
77064
77077
77088
77126
77129
77135
77185
77198
77211
77222
77260
77263
77269
77319
77332
77345
77356
77394
77397
77403
77453
77466
77479
77490
77528
77531
77537
77587
77600
77613
77624
77662
77665
77671
77721
77734
77747
77758
77796
77799
77805
77855
77868
77881
77892
77944
77953
77958
77970
78007
78013
78022
78025
78031
78037
78046
78051
78063
78100
78106
78115
78118
78124
78130
78139
78144
78156
78193
78199
78208
78211
78217
78223
78232
78237
78249
78286
78292
78301
78304
78310
78316
78325
78330
78342
78379
78385
78394
78397
78403
78409
78418
78423
78435
78472
78478
78487
78490
78496
78502
78511
78516
78528
78565
78571
78580
78583
78589
78595
78604
78609
78621
78658
78664
78673
78676
78692
78695
78701
78751
78764
78777
78788
78826
78829
78835
78885
78898
78911
78922
78960
78963
78969
79019
79032
79045
79056
79094
79097
79103
79153
79166
79179
79190
79228
79231
79237
79287
79300
79313
79324
79362
79365
79371
79421
79434
79447
79458
79496
79499
79505
79555
79568
79581
79592
79630
79633
79639
79689
79702
79715
79726
79778
79787
79792
79804
79841
79847
79856
79859
79865
79871
79880
79885
79897
79934
79940
79949
79952
79958
79964
79973
79978
79990
80027
80033
80042
80045
80051
80057
80066
80071
80083
80120
80126
80135
80138
80144
80150
80159
80164
80176
80213
80219
80228
80231
80237
80243
80252
80257
80269
80306
80312
80321
80324
80330
80336
80345
80350
80362
80399
80405
80414
80417
80423
80429
80438
80443
80455
80492
80498
80507
80510
80526
80529
80535
80585
80598
80611
80622
80660
80663
80669
80719
80732
80745
80756
80794
80797
80803
80853
80866
80879
80890
80928
80931
80937
80987
81000
81013
81024
81062
81065
81071
81121
81134
81147
81158
81196
81199
81205
81255
81268
81281
81292
81330
81333
81339
81389
81402
81415
81426
81464
81467
81473
81523
81536
81549
81560
81612
81621
81626
81638
81675
81681
81690
81693
81699
81705
81714
81719
81731
81768
81774
81783
81786
81792
81798
81807
81812
81824
81861
81867
81876
81879
81885
81891
81900
81905
81917
81954
81960
81969
81972
81978
81984
81993
81998
82010
82047
82053
82062
82065
82071
82077
82086
82091
82103
82140
82146
82155
82158
82164
82170
82179
82184
82196
82233
82239
82248
82251
82257
82263
82272
82277
82289
82326
82332
82341
82344
82360
82363
82369
82419
82432
82445
82456
82494
82497
82503
82553
82566
82579
82590
82628
82631
82637
82687
82700
82713
82724
82762
82765
82771
82821
82834
82847
82858
82896
82899
82905
82955
82968
82981
82992
83030
83033
83039
83089
83102
83115
83126
83164
83167
83173
83223
83236
83249
83260
83298
83301
83307
83357
83370
83383
83394
83446
83455
83460
83472
83509
83515
83524
83527
83533
83539
83548
83553
83565
83602
83608
83617
83620
83626
83632
83641
83646
83658
83695
83701
83710
83713
83719
83725
83734
83739
83751
83788
83794
83803
83806
83812
83818
83827
83832
83844
83881
83887
83896
83899
83905
83911
83920
83925
83937
83974
83980
83989
83992
83998
84004
84013
84018
84030
84067
84073
84082
84085
84091
84097
84106
84111
84123
84160
84166
84175
84178
84194
84197
84203
84253
84266
84279
84290
84328
84331
84337
84387
84400
84413
84424
84462
84465
84471
84521
84534
84547
84558
84596
84599
84605
84655
84668
84681
84692
84730
84733
84739
84789
84802
84815
84826
84864
84867
84873
84923
84936
84949
84960
84998
85001
85007
85057
85070
85083
85094
85132
85135
85141
85191
85204
85217
85228
85280
85289
85294
85306
85343
85349
85358
85361
85367
85373
85382
85387
85399
85436
85442
85451
85454
85460
85466
85475
85480
85492
85529
85535
85544
85547
85553
85559
85568
85573
85585
85622
85628
85637
85640
85646
85652
85661
85666
85678
85715
85721
85730
85733
85739
85745
85754
85759
85771
85808
85814
85823
85826
85832
85838
85847
85852
85864
85901
85907
85916
85919
85925
85931
85940
85945
85957
85994
86000
86009
86012
86028
86031
86037
86087
86100
86113
86124
86162
86165
86171
86221
86234
86247
86258
86296
86299
86305
86355
86368
86381
86392
86430
86433
86439
86489
86502
86515
86526
86564
86567
86573
86623
86636
86649
86660
86698
86701
86707
86757
86770
86783
86794
86832
86835
86841
86891
86904
86917
86928
86966
86969
86975
