57600
57602
57604
57606
57608
57610
57612
57614
57616
57618
57620
57622
57624
57626
57628
57630
57632
57634
57636
57638
57640
57642
57644
57646
57648
57650
57652
57654
57656
57658
57660
57662
57664
57666
57668
57670
57672
57674
57676
57678
57680
57682
57684
57686
57688
57690
57692
57694
114912
114914
114916
114918
114920
114922
114924
114926
114928
114930
114932
114934
114936
114938
114940
114942
114944
114946
114948
114950
114952
114954
114956
114958
114960
114962
114964
114966
114968
114970
114972
114974
114976
114978
114980
114982
114984
114986
114988
114990
114992
114994
114996
114998
115000
115002
115004
115006
1
3
5
7
9
11
13
15
17
19
21
23
25
27
29
31
33
35
37
39
41
43
45
47
49
51
53
55
57
59
61
63
65
67
69
71
73
75
77
79
81
83
85
87
89
91
93
95
193
260
284
351
375
442
466
533
557
624
648
715
739
806
830
897
923
990
1014
1081
1105
1172
1196
1263
1287
1354
1378
1445
1469
1536
1560
1627
1653
1720
1744
1811
1835
1902
1926
1993
2017
2084
2108
2175
2199
2266
2290
2357
2428
2514
2560
2646
2692
2778
2824
2910
2956
3042
3088
3174
3220
3306
3352
3441
3508
3532
3599
3623
3690
3714
3781
3805
3872
3896
3963
3987
4054
4078
4145
4216
4302
4348
4434
4480
4566
4612
4698
4744
4830
4876
4962
5008
5094
5140
5229
5296
5320
5387
5411
5478
5502
5569
5593
5660
5684
5751
5775
5842
5866
5933
6004
6090
6136
6222
6268
6354
6400
6486
6532
6618
6664
6750
6796
6882
6928
7017
7084
7108
7175
7199
7266
7290
7357
7381
7448
7472
7539
7563
7630
7654
7721
7792
7878
7924
8010
8056
8142
8188
8274
8320
8406
8452
8538
8584
8670
8716
8805
8872
8896
8963
8987
9054
9078
9145
9169
9236
9260
9327
9351
9418
9442
9509
9580
9666
9712
9798
9844
9930
9976
10062
10108
10194
10240
10326
10372
10458
10504
10593
10660
10684
10751
10775
10842
10866
10933
10957
11024
11048
11115
11139
11206
11230
11297
11368
11454
11500
11586
11632
11718
11764
11850
11896
11982
12028
12114
12160
12246
12292
12381
12448
12472
12539
12563
12630
12654
12721
12745
12812
12836
12903
12927
12994
13018
13085
13156
13242
13288
13374
13420
13506
13552
13638
13684
13770
13816
13902
13948
14034
14080
14169
14236
14260
14327
14351
14418
14442
14509
14533
14600
14624
14691
14715
14782
14806
14873
14944
15030
15076
15162
15208
15294
15340
15426
15472
15558
15604
15690
15736
15822
15868
15957
16024
16048
16115
16139
16206
16230
16297
16321
16388
16412
16479
16503
16570
16594
16661
16732
16818
16864
16950
16996
17082
17128
17214
17260
17346
17392
17478
17524
17610
17656
17745
17812
17836
17903
17927
17994
18018
18085
18109
18176
18200
18267
18291
18358
18382
18449
18520
18606
18652
18738
18784
18870
18916
19002
19048
19134
19180
19266
19312
19398
19444
19533
19600
19624
19691
19715
19782
19806
19873
19897
19964
19988
20055
20079
20146
20170
20237
20308
20394
20440
20526
20572
20658
20704
20790
20836
20922
20968
21054
21100
21186
21232
21321
21388
21412
21479
21503
21570
21594
21661
21685
21752
21776
21843
21867
21934
21958
22025
22096
22182
22228
22314
22360
22446
22492
22578
22624
22710
22756
22842
22888
22974
23020
23109
23176
23200
23267
23291
23358
23382
23449
23473
23540
23564
23631
23655
23722
23746
23813
23884
23970
24016
24102
24148
24234
24280
24366
24412
24498
24544
24630
24676
24762
24808
24897
24964
24988
25055
25079
25146
25170
25237
25261
25328
25352
25419
25443
25510
25534
25601
25672
25758
25804
25890
25936
26022
26068
26154
26200
26286
26332
26418
26464
26550
26596
26685
26752
26776
26843
26867
26934
26958
27025
27049
27116
27140
27207
27231
27298
27322
27389
27460
27546
27592
27678
27724
27810
27856
27942
27988
28074
28120
28206
28252
28338
28384
28473
28540
28564
28631
28655
28722
28746
28813
28837
28904
28928
28995
29019
29086
29110
29177
29248
29334
29380
29466
29512
29598
29644
29730
29776
29862
29908
29994
30040
30126
30172
30261
30328
30352
30419
30443
30510
30534
30601
30625
30692
30716
30783
30807
30874
30898
30965
31036
31122
31168
31254
31300
31386
31432
31518
31564
31650
31696
31782
31828
31914
31960
32049
32116
32140
32207
32231
32298
32322
32389
32413
32480
32504
32571
32595
32662
32686
32753
32824
32910
32956
33042
33088
33174
33220
33306
33352
33438
33484
33570
33616
33702
33748
33837
33904
33928
33995
34019
34086
34110
34177
34201
34268
34292
34359
34383
34450
34474
34541
34612
34698
34744
34830
34876
34962
35008
35094
35140
35226
35272
35358
35404
35490
35536
35625
35692
35716
35783
35807
35874
35898
35965
35989
36056
36080
36147
36171
36238
36262
36329
36400
36486
36532
36618
36664
36750
36796
36882
36928
37014
37060
37146
37192
37278
37324
37413
37480
37504
37571
37595
37662
37686
37753
37777
37844
37868
37935
37959
38026
38050
38117
38188
38274
38320
38406
38452
38538
38584
38670
38716
38802
38848
38934
38980
39066
39112
39201
39268
39292
39359
39383
39450
39474
39541
39565
39632
39656
39723
39747
39814
39838
39905
39976
40062
40108
40194
40240
40326
40372
40458
40504
40590
40636
40722
40768
40854
40900
40989
41056
41080
41147
41171
41238
41262
41329
41353
41420
41444
41511
41535
41602
41626
41693
41764
41850
41896
41982
42028
42114
42160
42246
42292
42378
42424
42510
42556
42642
42688
42777
42844
42868
42935
42959
43026
43050
43117
43141
43208
43232
43299
43323
43390
43414
43481
43552
43638
43684
43770
43816
43902
43948
44034
44080
44166
44212
44298
44344
44430
44476
44565
44632
44656
44723
44747
44814
44838
44905
44929
44996
45020
45087
45111
45178
45202
45269
45340
45426
45472
45558
45604
45690
45736
45822
45868
45954
46000
46086
46132
46218
46264
46353
46420
46444
46511
46535
46602
46626
46693
46717
46784
46808
46875
46899
46966
46990
47057
47128
47214
47260
47346
47392
47478
47524
47610
47656
47742
47788
47874
47920
48006
48052
48141
48208
48232
48299
48323
48390
48414
48481
48505
48572
48596
48663
48687
48754
48778
48845
48916
49002
49048
49134
49180
49266
49312
49398
49444
49530
49576
49662
49708
49794
49840
49929
49996
50020
50087
50111
50178
50202
50269
50293
50360
50384
50451
50475
50542
50566
50633
50704
50790
50836
50922
50968
51054
51100
51186
51232
51318
51364
51450
51496
51582
51628
51717
51784
51808
51875
51899
51966
51990
52057
52081
52148
52172
52239
52263
52330
52354
52421
52492
52578
52624
52710
52756
52842
52888
52974
53020
53106
53152
53238
53284
53370
53416
53505
53572
53596
53663
53687
53754
53778
53845
53869
53936
53960
54027
54051
54118
54142
54209
54280
54366
54412
54498
54544
54630
54676
54762
54808
54894
54940
55026
55072
55158
55204
55338
55424
55470
55556
55602
55688
55734
55820
55866
55952
55998
56084
56130
56216
56262
56396
56482
56528
56614
56660
56746
56792
56878
56924
57010
57056
57142
57188
57274
57320
57697
57764
57788
57855
57879
57946
57970
58037
58061
58128
58152
58219
58243
58310
58334
58401
58427
58494
58518
58585
58609
58676
58700
58767
58791
58858
58882
58949
58973
59040
59064
59131
59157
59224
59248
59315
59339
59406
59430
59497
59521
59588
59612
59679
59703
59770
59794
59861
59932
60018
60064
60150
60196
60282
60328
60414
60460
60546
60592
60678
60724
60810
60856
60945
61012
61036
61103
61127
61194
61218
61285
61309
61376
61400
61467
61491
61558
61582
61649
61720
61806
61852
61938
61984
62070
62116
62202
62248
62334
62380
62466
62512
62598
62644
62733
62800
62824
62891
62915
62982
63006
63073
63097
63164
63188
63255
63279
63346
63370
63437
63508
63594
63640
63726
63772
63858
63904
63990
64036
64122
64168
64254
64300
64386
64432
64521
64588
64612
64679
64703
64770
64794
64861
64885
64952
64976
65043
65067
65134
65158
65225
65296
65382
65428
65514
65560
65646
65692
65778
65824
65910
65956
66042
66088
66174
66220
66309
66376
66400
66467
66491
66558
66582
66649
66673
66740
66764
66831
66855
66922
66946
67013
67084
67170
67216
67302
67348
67434
67480
67566
67612
67698
67744
67830
67876
67962
68008
68097
68164
68188
68255
68279
68346
68370
68437
68461
68528
68552
68619
68643
68710
68734
68801
68872
68958
69004
69090
69136
69222
69268
69354
69400
69486
69532
69618
69664
69750
69796
69885
69952
69976
70043
70067
70134
70158
70225
70249
70316
70340
70407
70431
70498
70522
70589
70660
70746
70792
70878
70924
71010
71056
71142
71188
71274
71320
71406
71452
71538
71584
71673
71740
71764
71831
71855
71922
71946
72013
72037
72104
72128
72195
72219
72286
72310
72377
72448
72534
72580
72666
72712
72798
72844
72930
72976
73062
73108
73194
73240
73326
73372
73461
73528
73552
73619
73643
73710
73734
73801
73825
73892
73916
73983
74007
74074
74098
74165
74236
74322
74368
74454
74500
74586
74632
74718
74764
74850
74896
74982
75028
75114
75160
75249
75316
75340
75407
75431
75498
75522
75589
75613
75680
75704
75771
75795
75862
75886
75953
76024
76110
76156
76242
76288
76374
76420
76506
76552
76638
76684
76770
76816
76902
76948
77037
77104
77128
77195
77219
77286
77310
77377
77401
77468
77492
77559
77583
77650
77674
77741
77812
77898
77944
78030
78076
78162
78208
78294
78340
78426
78472
78558
78604
78690
78736
78825
78892
78916
78983
79007
79074
79098
79165
79189
79256
79280
79347
79371
79438
79462
79529
79600
79686
79732
79818
79864
79950
79996
80082
80128
80214
80260
80346
80392
80478
80524
80613
80680
80704
80771
80795
80862
80886
80953
80977
81044
81068
81135
81159
81226
81250
81317
81388
81474
81520
81606
81652
81738
81784
81870
81916
82002
82048
82134
82180
82266
82312
82401
82468
82492
82559
82583
82650
82674
82741
82765
82832
82856
82923
82947
83014
83038
83105
83176
83262
83308
83394
83440
83526
83572
83658
83704
83790
83836
83922
83968
84054
84100
84189
84256
84280
84347
84371
84438
84462
84529
84553
84620
84644
84711
84735
84802
84826
84893
84964
85050
85096
85182
85228
85314
85360
85446
85492
85578
85624
85710
85756
85842
85888
85977
86044
86068
86135
86159
86226
86250
86317
86341
86408
86432
86499
86523
86590
86614
86681
86752
86838
86884
86970
87016
87102
87148
87234
87280
87366
87412
87498
87544
87630
87676
87765
87832
87856
87923
87947
88014
88038
88105
88129
88196
88220
88287
88311
88378
88402
88469
88540
88626
88672
88758
88804
88890
88936
89022
89068
89154
89200
89286
89332
89418
89464
89553
89620
89644
89711
89735
89802
89826
89893
89917
89984
90008
90075
90099
90166
90190
90257
90328
90414
90460
90546
90592
90678
90724
90810
90856
90942
90988
91074
91120
91206
91252
91341
91408
91432
91499
91523
91590
91614
91681
91705
91772
91796
91863
91887
91954
91978
92045
92116
92202
92248
92334
92380
92466
92512
92598
92644
92730
92776
92862
92908
92994
93040
93129
93196
93220
93287
93311
93378
93402
93469
93493
93560
93584
93651
93675
93742
93766
93833
93904
93990
94036
94122
94168
94254
94300
94386
94432
94518
94564
94650
94696
94782
94828
94917
94984
95008
95075
95099
95166
95190
95257
95281
95348
95372
95439
95463
95530
95554
95621
95692
95778
95824
95910
95956
96042
96088
96174
96220
96306
96352
96438
96484
96570
96616
96705
96772
96796
96863
96887
96954
96978
97045
97069
97136
97160
97227
97251
97318
97342
97409
97480
97566
97612
97698
97744
97830
97876
97962
98008
98094
98140
98226
98272
98358
98404
98493
98560
98584
98651
98675
98742
98766
98833
98857
98924
98948
99015
99039
99106
99130
99197
99268
99354
99400
99486
99532
99618
99664
99750
99796
99882
99928
100014
100060
100146
100192
100281
100348
100372
100439
100463
100530
100554
100621
100645
100712
100736
100803
100827
100894
100918
100985
101056
101142
101188
101274
101320
101406
101452
101538
101584
101670
101716
101802
101848
101934
101980
102069
102136
102160
102227
102251
102318
102342
102409
102433
102500
102524
102591
102615
102682
102706
102773
102844
102930
102976
103062
103108
103194
103240
103326
103372
103458
103504
103590
103636
103722
103768
103857
103924
103948
104015
104039
104106
104130
104197
104221
104288
104312
104379
104403
104470
104494
104561
104632
104718
104764
104850
104896
104982
105028
105114
105160
105246
105292
105378
105424
105510
105556
105645
105712
105736
105803
105827
105894
105918
105985
106009
106076
106100
106167
106191
106258
106282
106349
106420
106506
106552
106638
106684
106770
106816
106902
106948
107034
107080
107166
107212
107298
107344
107433
107500
107524
107591
107615
107682
107706
107773
107797
107864
107888
107955
107979
108046
108070
108137
108208
108294
108340
108426
108472
108558
108604
108690
108736
108822
108868
108954
109000
109086
109132
109221
109288
109312
109379
109403
109470
109494
109561
109585
109652
109676
109743
109767
109834
109858
109925
109996
110082
110128
110214
110260
110346
110392
110478
110524
110610
110656
110742
110788
110874
110920
111009
111076
111100
111167
111191
111258
111282
111349
111373
111440
111464
111531
111555
111622
111646
111713
111784
111870
111916
112002
112048
112134
112180
112266
112312
112398
112444
112530
112576
112662
112708
112842
112928
112974
113060
113106
113192
113238
113324
113370
113456
113502
113588
113634
113720
113766
113900
113986
114032
114118
114164
114250
114296
114382
114428
114514
114560
114646
114692
114778
114824
144
145
146
147
148
149
150
151
152
153
154
155
156
157
158
159
160
161
162
163
164
165
166
167
168
169
170
171
172
173
174
175
176
177
178
179
180
181
182
183
184
185
186
187
188
189
190
191
198
207
212
224
259
265
274
277
283
289
298
303
315
350
356
365
368
374
380
389
394
406
441
447
456
459
465
471
480
485
497
532
538
547
550
556
562
571
576
588
623
629
638
641
647
653
662
667
679
714
720
729
732
738
744
753
758
770
805
811
820
823
829
835
844
849
861
896
902
911
914
928
937
942
954
989
995
1004
1007
1013
1019
1028
1033
1045
1080
1086
1095
1098
1104
1110
1119
1124
1136
1171
1177
1186
1189
1195
1201
1210
1215
1227
1262
1268
1277
1280
1286
1292
1301
1306
1318
1353
1359
1368
1371
1377
1383
1392
1397
1409
1444
1450
1459
1462
1468
1474
1483
1488
1500
1535
1541
1550
1553
1559
1565
1574
1579
1591
1626
1632
1641
1644
1658
1667
1672
1684
1719
1725
1734
1737
1743
1749
1758
1763
1775
1810
1816
1825
1828
1834
1840
1849
1854
1866
1901
1907
1916
1919
1925
1931
1940
1945
1957
1992
1998
2007
2010
2016
2022
2031
2036
2048
2083
2089
2098
2101
2107
2113
2122
2127
2139
2174
2180
2189
2192
2198
2204
2213
2218
2230
2265
2271
2280
2283
2289
2295
2304
2309
2321
2356
2362
2371
2374
2390
2393
2399
2447
2460
2473
2484
2522
2525
2531
2579
2592
2605
2616
2654
2657
2663
2711
2724
2737
2748
2786
2789
2795
2843
2856
2869
2880
2918
2921
2927
2975
2988
3001
3012
3050
3053
3059
3107
3120
3133
3144
3182
3185
3191
3239
3252
3265
3276
3314
3317
3323
3371
3384
3397
3408
3446
3455
3460
3472
3507
3513
3522
3525
3531
3537
3546
3551
3563
3598
3604
3613
3616
3622
3628
3637
3642
3654
3689
3695
3704
3707
3713
3719
3728
3733
3745
3780
3786
3795
3798
3804
3810
3819
3824
3836
3871
3877
3886
3889
3895
3901
3910
3915
3927
3962
3968
3977
3980
3986
3992
4001
4006
4018
4053
4059
4068
4071
4077
4083
4092
4097
4109
4144
4150
4159
4162
4178
4181
4187
4235
4248
4261
4272
4310
4313
4319
4367
4380
4393
4404
4442
4445
4451
4499
4512
4525
4536
4574
4577
4583
4631
4644
4657
4668
4706
4709
4715
4763
4776
4789
4800
4838
4841
4847
4895
4908
4921
4932
4970
4973
4979
5027
5040
5053
5064
5102
5105
5111
5159
5172
5185
5196
5234
5243
5248
5260
5295
5301
5310
5313
5319
5325
5334
5339
5351
5386
5392
5401
5404
5410
5416
5425
5430
5442
5477
5483
5492
5495
5501
5507
5516
5521
5533
5568
5574
5583
5586
5592
5598
5607
5612
5624
5659
5665
5674
5677
5683
5689
5698
5703
5715
5750
5756
5765
5768
5774
5780
5789
5794
5806
5841
5847
5856
5859
5865
5871
5880
5885
5897
5932
5938
5947
5950
5966
5969
5975
6023
6036
6049
6060
6098
6101
6107
6155
6168
6181
6192
6230
6233
6239
6287
6300
6313
6324
6362
6365
6371
6419
6432
6445
6456
6494
6497
6503
6551
6564
6577
6588
6626
6629
6635
6683
6696
6709
6720
6758
6761
6767
6815
6828
6841
6852
6890
6893
6899
6947
6960
6973
6984
7022
7031
7036
7048
7083
7089
7098
7101
7107
7113
7122
7127
7139
7174
7180
7189
7192
7198
7204
7213
7218
7230
7265
7271
7280
7283
7289
7295
7304
7309
7321
7356
7362
7371
7374
7380
7386
7395
7400
7412
7447
7453
7462
7465
7471
7477
7486
7491
7503
7538
7544
7553
7556
7562
7568
7577
7582
7594
7629
7635
7644
7647
7653
7659
7668
7673
7685
7720
7726
7735
7738
7754
7757
7763
7811
7824
7837
7848
7886
7889
7895
7943
7956
7969
7980
8018
8021
8027
8075
8088
8101
8112
8150
8153
8159
8207
8220
8233
8244
8282
8285
8291
8339
8352
8365
8376
8414
8417
8423
8471
8484
8497
8508
8546
8549
8555
8603
8616
8629
8640
8678
8681
8687
8735
8748
8761
8772
8810
8819
8824
8836
8871
8877
8886
8889
8895
8901
8910
8915
8927
8962
8968
8977
8980
8986
8992
9001
9006
9018
9053
9059
9068
9071
9077
9083
9092
9097
9109
9144
9150
9159
9162
9168
9174
9183
9188
9200
9235
9241
9250
9253
9259
9265
9274
9279
9291
9326
9332
9341
9344
9350
9356
9365
9370
9382
9417
9423
9432
9435
9441
9447
9456
9461
9473
9508
9514
9523
9526
9542
9545
9551
9599
9612
9625
9636
9674
9677
9683
9731
9744
9757
9768
9806
9809
9815
9863
9876
9889
9900
9938
9941
9947
9995
10008
10021
10032
10070
10073
10079
10127
10140
10153
10164
10202
10205
10211
10259
10272
10285
10296
10334
10337
10343
10391
10404
10417
10428
10466
10469
10475
10523
10536
10549
10560
10598
10607
10612
10624
10659
10665
10674
10677
10683
10689
10698
10703
10715
10750
10756
10765
10768
10774
10780
10789
10794
10806
10841
10847
10856
10859
10865
10871
10880
10885
10897
10932
10938
10947
10950
10956
10962
10971
10976
10988
11023
11029
11038
11041
11047
11053
11062
11067
11079
11114
11120
11129
11132
11138
11144
11153
11158
11170
11205
11211
11220
11223
11229
11235
11244
11249
11261
11296
11302
11311
11314
11330
11333
11339
11387
11400
11413
11424
11462
11465
11471
11519
11532
11545
11556
11594
11597
11603
11651
11664
11677
11688
11726
11729
11735
11783
11796
11809
11820
11858
11861
11867
11915
11928
11941
11952
11990
11993
11999
12047
12060
12073
12084
12122
12125
12131
12179
12192
12205
12216
12254
12257
12263
12311
12324
12337
12348
12386
12395
12400
12412
12447
12453
12462
12465
12471
12477
12486
12491
12503
12538
12544
12553
12556
12562
12568
12577
12582
12594
12629
12635
12644
12647
12653
12659
12668
12673
12685
12720
12726
12735
12738
12744
12750
12759
12764
12776
12811
12817
12826
12829
12835
12841
12850
12855
12867
12902
12908
12917
12920
12926
12932
12941
12946
12958
12993
12999
13008
13011
13017
13023
13032
13037
13049
13084
13090
13099
13102
13118
13121
13127
13175
13188
13201
13212
13250
13253
13259
13307
13320
13333
13344
13382
13385
13391
13439
13452
13465
13476
13514
13517
13523
13571
13584
13597
13608
13646
13649
13655
13703
13716
13729
13740
13778
13781
13787
13835
13848
13861
13872
13910
13913
13919
13967
13980
13993
14004
14042
14045
14051
14099
14112
14125
14136
14174
14183
14188
14200
14235
14241
14250
14253
14259
14265
14274
14279
14291
14326
14332
14341
14344
14350
14356
14365
14370
14382
14417
14423
14432
14435
14441
14447
14456
14461
14473
14508
14514
14523
14526
14532
14538
14547
14552
14564
14599
14605
14614
14617
14623
14629
14638
14643
14655
14690
14696
14705
14708
14714
14720
14729
14734
14746
14781
14787
14796
14799
14805
14811
14820
14825
14837
14872
14878
14887
14890
14906
14909
14915
14963
14976
14989
15000
15038
15041
15047
15095
15108
15121
15132
15170
15173
15179
15227
15240
15253
15264
15302
15305
15311
15359
15372
15385
15396
15434
15437
15443
15491
15504
15517
15528
15566
15569
15575
15623
15636
15649
15660
15698
15701
15707
15755
15768
15781
15792
15830
15833
15839
15887
15900
15913
15924
15962
15971
15976
15988
16023
16029
16038
16041
16047
16053
16062
16067
16079
16114
16120
16129
16132
16138
16144
16153
16158
16170
16205
16211
16220
16223
16229
16235
16244
16249
16261
16296
16302
16311
16314
16320
16326
16335
16340
16352
16387
16393
16402
16405
16411
16417
16426
16431
16443
16478
16484
16493
16496
16502
16508
16517
16522
16534
16569
16575
16584
16587
16593
16599
16608
16613
16625
16660
16666
16675
16678
16694
16697
16703
16751
16764
16777
16788
16826
16829
16835
16883
16896
16909
16920
16958
16961
16967
17015
17028
17041
17052
17090
17093
17099
17147
17160
17173
17184
17222
17225
17231
17279
17292
17305
17316
17354
17357
17363
17411
17424
17437
17448
17486
17489
17495
17543
17556
17569
17580
17618
17621
17627
17675
17688
17701
17712
17750
17759
17764
17776
17811
17817
17826
17829
17835
17841
17850
17855
17867
17902
17908
17917
17920
17926
17932
17941
17946
17958
17993
17999
18008
18011
18017
18023
18032
18037
18049
18084
18090
18099
18102
18108
18114
18123
18128
18140
18175
18181
18190
18193
18199
18205
18214
18219
18231
18266
18272
18281
18284
18290
18296
18305
18310
18322
18357
18363
18372
18375
18381
18387
18396
18401
18413
18448
18454
18463
18466
18482
18485
18491
18539
18552
18565
18576
18614
18617
18623
18671
18684
18697
18708
18746
18749
18755
18803
18816
18829
18840
18878
18881
18887
18935
18948
18961
18972
19010
19013
19019
19067
19080
19093
19104
19142
19145
19151
19199
19212
19225
19236
19274
19277
19283
19331
19344
19357
19368
19406
19409
19415
19463
19476
19489
19500
19538
19547
19552
19564
19599
19605
19614
19617
19623
19629
19638
19643
19655
19690
19696
19705
19708
19714
19720
19729
19734
19746
19781
19787
19796
19799
19805
19811
19820
19825
19837
19872
19878
19887
19890
19896
19902
19911
19916
19928
19963
19969
19978
19981
19987
19993
20002
20007
20019
20054
20060
20069
20072
20078
20084
20093
20098
20110
20145
20151
20160
20163
20169
20175
20184
20189
20201
20236
20242
20251
20254
20270
20273
20279
20327
20340
20353
20364
20402
20405
20411
20459
20472
20485
20496
20534
20537
20543
20591
20604
20617
20628
20666
20669
20675
20723
20736
20749
20760
20798
20801
20807
20855
20868
20881
20892
20930
20933
20939
20987
21000
21013
21024
21062
21065
21071
21119
21132
21145
21156
21194
21197
21203
21251
21264
21277
21288
21326
21335
21340
21352
21387
21393
21402
21405
21411
21417
21426
21431
21443
21478
21484
21493
21496
21502
21508
21517
21522
21534
21569
21575
21584
21587
21593
21599
21608
21613
21625
21660
21666
21675
21678
21684
21690
21699
21704
21716
21751
21757
21766
21769
21775
21781
21790
21795
21807
21842
21848
21857
21860
21866
21872
21881
21886
21898
21933
21939
21948
21951
21957
21963
21972
21977
21989
22024
22030
22039
22042
22058
22061
22067
22115
22128
22141
22152
22190
22193
22199
22247
22260
22273
22284
22322
22325
22331
22379
22392
22405
22416
22454
22457
22463
22511
22524
22537
22548
22586
22589
22595
22643
22656
22669
22680
22718
22721
22727
22775
22788
22801
22812
22850
22853
22859
22907
22920
22933
22944
22982
22985
22991
23039
23052
23065
23076
23114
23123
23128
23140
23175
23181
23190
23193
23199
23205
23214
23219
23231
23266
23272
23281
23284
23290
23296
23305
23310
23322
23357
23363
23372
23375
23381
23387
23396
23401
23413
23448
23454
23463
23466
23472
23478
23487
23492
23504
23539
23545
23554
23557
23563
23569
23578
23583
23595
23630
23636
23645
23648
23654
23660
23669
23674
23686
23721
23727
23736
23739
23745
23751
23760
23765
23777
23812
23818
23827
23830
23846
23849
23855
23903
23916
23929
23940
23978
23981
23987
24035
24048
24061
24072
24110
24113
24119
24167
24180
24193
24204
24242
24245
24251
24299
24312
24325
24336
24374
24377
24383
24431
24444
24457
24468
24506
24509
24515
24563
24576
24589
24600
24638
24641
24647
24695
24708
24721
24732
24770
24773
24779
24827
24840
24853
24864
24902
24911
24916
24928
24963
24969
24978
24981
24987
24993
25002
25007
25019
25054
25060
25069
25072
25078
25084
25093
25098
25110
25145
25151
25160
25163
25169
25175
25184
25189
25201
25236
25242
25251
25254
25260
25266
25275
25280
25292
25327
25333
25342
25345
25351
25357
25366
25371
25383
25418
25424
25433
25436
25442
25448
25457
25462
25474
25509
25515
25524
25527
25533
25539
25548
25553
25565
25600
25606
25615
25618
25634
25637
25643
25691
25704
25717
25728
25766
25769
25775
25823
25836
25849
25860
25898
25901
25907
25955
25968
25981
25992
26030
26033
26039
26087
26100
26113
26124
26162
26165
26171
26219
26232
26245
26256
26294
26297
26303
26351
26364
26377
26388
26426
26429
26435
26483
26496
26509
26520
26558
26561
26567
26615
26628
26641
26652
26690
26699
26704
26716
26751
26757
26766
26769
26775
26781
26790
26795
26807
26842
26848
26857
26860
26866
26872
26881
26886
26898
26933
26939
26948
26951
26957
26963
26972
26977
26989
27024
27030
27039
27042
27048
27054
27063
27068
27080
27115
27121
27130
27133
27139
27145
27154
27159
27171
27206
27212
27221
27224
27230
27236
27245
27250
27262
27297
27303
27312
27315
27321
27327
27336
27341
27353
27388
27394
27403
27406
27422
27425
27431
27479
27492
27505
27516
27554
27557
27563
27611
27624
27637
27648
27686
27689
27695
27743
27756
27769
27780
27818
27821
27827
27875
27888
27901
27912
27950
27953
27959
28007
28020
28033
28044
28082
28085
28091
28139
28152
28165
28176
28214
28217
28223
28271
28284
28297
28308
28346
28349
28355
28403
28416
28429
28440
28478
28487
28492
28504
28539
28545
28554
28557
28563
28569
28578
28583
28595
28630
28636
28645
28648
28654
28660
28669
28674
28686
28721
28727
28736
28739
28745
28751
28760
28765
28777
28812
28818
28827
28830
28836
28842
28851
28856
28868
28903
28909
28918
28921
28927
28933
28942
28947
28959
28994
29000
29009
29012
29018
29024
29033
29038
29050
29085
29091
29100
29103
29109
29115
29124
29129
29141
29176
29182
29191
29194
29210
29213
29219
29267
29280
29293
29304
29342
29345
29351
29399
29412
29425
29436
29474
29477
29483
29531
29544
29557
29568
29606
29609
29615
29663
29676
29689
29700
29738
29741
29747
29795
29808
29821
29832
29870
29873
29879
29927
29940
29953
29964
30002
30005
30011
30059
30072
30085
30096
30134
30137
30143
30191
30204
30217
30228
30266
30275
30280
30292
30327
30333
30342
30345
30351
30357
30366
30371
30383
30418
30424
30433
30436
30442
30448
30457
30462
30474
30509
30515
30524
30527
30533
30539
30548
30553
30565
30600
30606
30615
30618
30624
30630
30639
30644
30656
30691
30697
30706
30709
30715
30721
30730
30735
30747
30782
30788
30797
30800
30806
30812
30821
30826
30838
30873
30879
30888
30891
30897
30903
30912
30917
30929
30964
30970
30979
30982
30998
31001
31007
31055
31068
31081
31092
31130
31133
31139
31187
31200
31213
31224
31262
31265
31271
31319
31332
31345
31356
31394
31397
31403
31451
31464
31477
31488
31526
31529
31535
31583
31596
31609
31620
31658
31661
31667
31715
31728
31741
31752
31790
31793
31799
31847
31860
31873
31884
31922
31925
31931
31979
31992
32005
32016
32054
32063
32068
32080
32115
32121
32130
32133
32139
32145
32154
32159
32171
32206
32212
32221
32224
32230
32236
32245
32250
32262
32297
32303
32312
32315
32321
32327
32336
32341
32353
32388
32394
32403
32406
32412
32418
32427
32432
32444
32479
32485
32494
32497
32503
32509
32518
32523
32535
32570
32576
32585
32588
32594
32600
32609
32614
32626
32661
32667
32676
32679
32685
32691
32700
32705
32717
32752
32758
32767
32770
32786
32789
32795
32843
32856
32869
32880
32918
32921
32927
32975
32988
33001
33012
33050
33053
33059
33107
33120
33133
33144
33182
33185
33191
33239
33252
33265
33276
33314
33317
33323
33371
33384
33397
33408
33446
33449
33455
33503
33516
33529
33540
33578
33581
33587
33635
33648
33661
33672
33710
33713
33719
33767
33780
33793
33804
33842
33851
33856
33868
33903
33909
33918
33921
33927
33933
33942
33947
33959
33994
34000
34009
34012
34018
34024
34033
34038
34050
34085
34091
34100
34103
34109
34115
34124
34129
34141
34176
34182
34191
34194
34200
34206
34215
34220
34232
34267
34273
34282
34285
34291
34297
34306
34311
34323
34358
34364
34373
34376
34382
34388
34397
34402
34414
34449
34455
34464
34467
34473
34479
34488
34493
34505
34540
34546
34555
34558
34574
34577
34583
34631
34644
34657
34668
34706
34709
34715
34763
34776
34789
34800
34838
34841
34847
34895
34908
34921
34932
34970
34973
34979
35027
35040
35053
35064
35102
35105
35111
35159
35172
35185
35196
35234
35237
35243
35291
35304
35317
35328
35366
35369
35375
35423
35436
35449
35460
35498
35501
35507
35555
35568
35581
35592
35630
35639
35644
35656
35691
35697
35706
35709
35715
35721
35730
35735
35747
35782
35788
35797
35800
35806
35812
35821
35826
35838
35873
35879
35888
35891
35897
35903
35912
35917
35929
35964
35970
35979
35982
35988
35994
36003
36008
36020
36055
36061
36070
36073
36079
36085
36094
36099
36111
36146
36152
36161
36164
36170
36176
36185
36190
36202
36237
36243
36252
36255
36261
36267
36276
36281
36293
36328
36334
36343
36346
36362
36365
36371
36419
36432
36445
36456
36494
36497
36503
36551
36564
36577
36588
36626
36629
36635
36683
36696
36709
36720
36758
36761
36767
36815
36828
36841
36852
36890
36893
36899
36947
36960
36973
36984
37022
37025
37031
37079
37092
37105
37116
37154
37157
37163
37211
37224
37237
37248
37286
37289
37295
37343
37356
37369
37380
37418
37427
37432
37444
37479
37485
37494
37497
37503
37509
37518
37523
37535
37570
37576
37585
37588
37594
37600
37609
37614
37626
37661
37667
37676
37679
37685
37691
37700
37705
37717
37752
37758
37767
37770
37776
37782
37791
37796
37808
37843
37849
37858
37861
37867
37873
37882
37887
37899
37934
37940
37949
37952
37958
37964
37973
37978
37990
38025
38031
38040
38043
38049
38055
38064
38069
38081
38116
38122
38131
38134
38150
38153
38159
38207
38220
38233
38244
38282
38285
38291
38339
38352
38365
38376
38414
38417
38423
38471
38484
38497
38508
38546
38549
38555
38603
38616
38629
38640
38678
38681
38687
38735
38748
38761
38772
38810
38813
38819
38867
38880
38893
38904
38942
38945
38951
38999
39012
39025
39036
39074
39077
39083
39131
39144
39157
39168
39206
39215
39220
39232
39267
39273
39282
39285
39291
39297
39306
39311
39323
39358
39364
39373
39376
39382
39388
39397
39402
39414
39449
39455
39464
39467
39473
39479
39488
39493
39505
39540
39546
39555
39558
39564
39570
39579
39584
39596
39631
39637
39646
39649
39655
39661
39670
39675
39687
39722
39728
39737
39740
39746
39752
39761
39766
39778
39813
39819
39828
39831
39837
39843
39852
39857
39869
39904
39910
39919
39922
39938
39941
39947
39995
40008
40021
40032
40070
40073
40079
40127
40140
40153
40164
40202
40205
40211
40259
40272
40285
40296
40334
40337
40343
40391
40404
40417
40428
40466
40469
40475
40523
40536
40549
40560
40598
40601
40607
40655
40668
40681
40692
40730
40733
40739
40787
40800
40813
40824
40862
40865
40871
40919
40932
40945
40956
40994
41003
41008
41020
41055
41061
41070
41073
41079
41085
41094
41099
41111
41146
41152
41161
41164
41170
41176
41185
41190
41202
41237
41243
41252
41255
41261
41267
41276
41281
41293
41328
41334
41343
41346
41352
41358
41367
41372
41384
41419
41425
41434
41437
41443
41449
41458
41463
41475
41510
41516
41525
41528
41534
41540
41549
41554
41566
41601
41607
41616
41619
41625
41631
41640
41645
41657
41692
41698
41707
41710
41726
41729
41735
41783
41796
41809
41820
41858
41861
41867
41915
41928
41941
41952
41990
41993
41999
42047
42060
42073
42084
42122
42125
42131
42179
42192
42205
42216
42254
42257
42263
42311
42324
42337
42348
42386
42389
42395
42443
42456
42469
42480
42518
42521
42527
42575
42588
42601
42612
42650
42653
42659
42707
42720
42733
42744
42782
42791
42796
42808
42843
42849
42858
42861
42867
42873
42882
42887
42899
42934
42940
42949
42952
42958
42964
42973
42978
42990
43025
43031
43040
43043
43049
43055
43064
43069
43081
43116
43122
43131
43134
43140
43146
43155
43160
43172
43207
43213
43222
43225
43231
43237
43246
43251
43263
43298
43304
43313
43316
43322
43328
43337
43342
43354
43389
43395
43404
43407
43413
43419
43428
43433
43445
43480
43486
43495
43498
43514
43517
43523
43571
43584
43597
43608
43646
43649
43655
43703
43716
43729
43740
43778
43781
43787
43835
43848
43861
43872
43910
43913
43919
43967
43980
43993
44004
44042
44045
44051
44099
44112
44125
44136
44174
44177
44183
44231
44244
44257
44268
44306
44309
44315
44363
44376
44389
44400
44438
44441
44447
44495
44508
44521
44532
44570
44579
44584
44596
44631
44637
44646
44649
44655
44661
44670
44675
44687
44722
44728
44737
44740
44746
44752
44761
44766
44778
44813
44819
44828
44831
44837
44843
44852
44857
44869
44904
44910
44919
44922
44928
44934
44943
44948
44960
44995
45001
45010
45013
45019
45025
45034
45039
45051
45086
45092
45101
45104
45110
45116
45125
45130
45142
45177
45183
45192
45195
45201
45207
45216
45221
45233
45268
45274
45283
45286
45302
45305
45311
45359
45372
45385
45396
45434
45437
45443
45491
45504
45517
45528
45566
45569
45575
45623
45636
45649
45660
45698
45701
45707
45755
45768
45781
45792
45830
45833
45839
45887
45900
45913
45924
45962
45965
45971
46019
46032
46045
46056
46094
46097
46103
46151
46164
46177
46188
46226
46229
46235
46283
46296
46309
46320
46358
46367
46372
46384
46419
46425
46434
46437
46443
46449
46458
46463
46475
46510
46516
46525
46528
46534
46540
46549
46554
46566
46601
46607
46616
46619
46625
46631
46640
46645
46657
46692
46698
46707
46710
46716
46722
46731
46736
46748
46783
46789
46798
46801
46807
46813
46822
46827
46839
46874
46880
46889
46892
46898
46904
46913
46918
46930
46965
46971
46980
46983
46989
46995
47004
47009
47021
47056
47062
47071
47074
47090
47093
47099
47147
47160
47173
47184
47222
47225
47231
47279
47292
47305
47316
47354
47357
47363
47411
47424
47437
47448
47486
47489
47495
47543
47556
47569
47580
47618
47621
47627
47675
47688
47701
47712
47750
47753
47759
47807
47820
47833
47844
47882
47885
47891
47939
47952
47965
47976
48014
48017
48023
48071
48084
48097
48108
48146
48155
48160
48172
48207
48213
48222
48225
48231
48237
48246
48251
48263
48298
48304
48313
48316
48322
48328
48337
48342
48354
48389
48395
48404
48407
48413
48419
48428
48433
48445
48480
48486
48495
48498
48504
48510
48519
48524
48536
48571
48577
48586
48589
48595
48601
48610
48615
48627
48662
48668
48677
48680
48686
48692
48701
48706
48718
48753
48759
48768
48771
48777
48783
48792
48797
48809
48844
48850
48859
48862
48878
48881
48887
48935
48948
48961
48972
49010
49013
49019
49067
49080
49093
49104
49142
49145
49151
49199
49212
49225
49236
49274
49277
49283
49331
49344
49357
49368
49406
49409
49415
49463
49476
49489
49500
49538
49541
49547
49595
49608
49621
49632
49670
49673
49679
49727
49740
49753
49764
49802
49805
49811
49859
49872
49885
49896
49934
49943
49948
49960
49995
50001
50010
50013
50019
50025
50034
50039
50051
50086
50092
50101
50104
50110
50116
50125
50130
50142
50177
50183
50192
50195
50201
50207
50216
50221
50233
50268
50274
50283
50286
50292
50298
50307
50312
50324
50359
50365
50374
50377
50383
50389
50398
50403
50415
50450
50456
50465
50468
50474
50480
50489
50494
50506
50541
50547
50556
50559
50565
50571
50580
50585
50597
50632
50638
50647
50650
50666
50669
50675
50723
50736
50749
50760
50798
50801
50807
50855
50868
50881
50892
50930
50933
50939
50987
51000
51013
51024
51062
51065
51071
51119
51132
51145
51156
51194
51197
51203
51251
51264
51277
51288
51326
51329
51335
51383
51396
51409
51420
51458
51461
51467
51515
51528
51541
51552
51590
51593
51599
51647
51660
51673
51684
51722
51731
51736
51748
51783
51789
51798
51801
51807
51813
51822
51827
51839
51874
51880
51889
51892
51898
51904
51913
51918
51930
51965
51971
51980
51983
51989
51995
52004
52009
52021
52056
52062
52071
52074
52080
52086
52095
52100
52112
52147
52153
52162
52165
52171
52177
52186
52191
52203
52238
52244
52253
52256
52262
52268
52277
52282
52294
52329
52335
52344
52347
52353
52359
52368
52373
52385
52420
52426
52435
52438
52454
52457
52463
52511
52524
52537
52548
52586
52589
52595
52643
52656
52669
52680
52718
52721
52727
52775
52788
52801
52812
52850
52853
52859
52907
52920
52933
52944
52982
52985
52991
53039
53052
53065
53076
53114
53117
53123
53171
53184
53197
53208
53246
53249
53255
53303
53316
53329
53340
53378
53381
53387
53435
53448
53461
53472
53510
53519
53524
53536
53571
53577
53586
53589
53595
53601
53610
53615
53627
53662
53668
53677
53680
53686
53692
53701
53706
53718
53753
53759
53768
53771
53777
53783
53792
53797
53809
53844
53850
53859
53862
53868
53874
53883
53888
53900
53935
53941
53950
53953
53959
53965
53974
53979
53991
54026
54032
54041
54044
54050
54056
54065
54070
54082
54117
54123
54132
54135
54141
54147
54156
54161
54173
54208
54214
54223
54226
54242
54245
54251
54299
54312
54325
54336
54374
54377
54383
54431
54444
54457
54468
54506
54509
54515
54563
54576
54589
54600
54638
54641
54647
54695
54708
54721
54732
54770
54773
54779
54827
54840
54853
54864
54902
54905
54911
54959
54972
54985
54996
55034
55037
55043
55091
55104
55117
55128
55166
55169
55175
55223
55236
55249
55260
55300
55303
55309
55357
55370
55383
55394
55432
55435
55441
55489
55502
55515
55526
55564
55567
55573
55621
55634
55647
55658
55696
55699
55705
55753
55766
55779
55790
55828
55831
55837
55885
55898
55911
55922
55960
55963
55969
56017
56030
56043
56054
56092
56095
56101
56149
56162
56175
56186
56224
56227
56233
56281
56294
56307
56318
56358
56361
56367
56415
56428
56441
56452
56490
56493
56499
56547
56560
56573
56584
56622
56625
56631
56679
56692
56705
56716
56754
56757
56763
56811
56824
56837
56848
56886
56889
56895
56943
56956
56969
56980
57018
57021
57027
57075
57088
57101
57112
57150
57153
57159
57207
57220
57233
57244
57282
57285
57291
57339
57352
57365
57376
57702
57711
57716
57728
57763
57769
57778
57781
57787
57793
57802
57807
57819
57854
57860
57869
57872
57878
57884
57893
57898
57910
57945
57951
57960
57963
57969
57975
57984
57989
58001
58036
58042
58051
58054
58060
58066
58075
58080
58092
58127
58133
58142
58145
58151
58157
58166
58171
58183
58218
58224
58233
58236
58242
58248
58257
58262
58274
58309
58315
58324
58327
58333
58339
58348
58353
58365
58400
58406
58415
58418
58432
58441
58446
58458
58493
58499
58508
58511
58517
58523
58532
58537
58549
58584
58590
58599
58602
58608
58614
58623
58628
58640
58675
58681
58690
58693
58699
58705
58714
58719
58731
58766
58772
58781
58784
58790
58796
58805
58810
58822
58857
58863
58872
58875
58881
58887
58896
58901
58913
58948
58954
58963
58966
58972
58978
58987
58992
59004
59039
59045
59054
59057
59063
59069
59078
59083
59095
59130
59136
59145
59148
59162
59171
59176
59188
59223
59229
59238
59241
59247
59253
59262
59267
59279
59314
59320
59329
59332
59338
59344
59353
59358
59370
59405
59411
59420
59423
59429
59435
59444
59449
59461
59496
59502
59511
59514
59520
59526
59535
59540
59552
59587
59593
59602
59605
59611
59617
59626
59631
59643
59678
59684
59693
59696
59702
59708
59717
59722
59734
59769
59775
59784
59787
59793
59799
59808
59813
59825
59860
59866
59875
59878
59894
59897
59903
59951
59964
59977
59988
60026
60029
60035
60083
60096
60109
60120
60158
60161
60167
60215
60228
60241
60252
60290
60293
60299
60347
60360
60373
60384
60422
60425
60431
60479
60492
60505
60516
60554
60557
60563
60611
60624
60637
60648
60686
60689
60695
60743
60756
60769
60780
60818
60821
60827
60875
60888
60901
60912
60950
60959
60964
60976
61011
61017
61026
61029
61035
61041
61050
61055
61067
61102
61108
61117
61120
61126
61132
61141
61146
61158
61193
61199
61208
61211
61217
61223
61232
61237
61249
61284
61290
61299
61302
61308
61314
61323
61328
61340
61375
61381
61390
61393
61399
61405
61414
61419
61431
61466
61472
61481
61484
61490
61496
61505
61510
61522
61557
61563
61572
61575
61581
61587
61596
61601
61613
61648
61654
61663
61666
61682
61685
61691
61739
61752
61765
61776
61814
61817
61823
61871
61884
61897
61908
61946
61949
61955
62003
62016
62029
62040
62078
62081
62087
62135
62148
62161
62172
62210
62213
62219
62267
62280
62293
62304
62342
62345
62351
62399
62412
62425
62436
62474
62477
62483
62531
62544
62557
62568
62606
62609
62615
62663
62676
62689
62700
62738
62747
62752
62764
62799
62805
62814
62817
62823
62829
62838
62843
62855
62890
62896
62905
62908
62914
62920
62929
62934
62946
62981
62987
62996
62999
63005
63011
63020
63025
63037
63072
63078
63087
63090
63096
63102
63111
63116
63128
63163
63169
63178
63181
63187
63193
63202
63207
63219
63254
63260
63269
63272
63278
63284
63293
63298
63310
63345
63351
63360
63363
63369
63375
63384
63389
63401
63436
63442
63451
63454
63470
63473
63479
63527
63540
63553
63564
63602
63605
63611
63659
63672
63685
63696
63734
63737
63743
63791
63804
63817
63828
63866
63869
63875
63923
63936
63949
63960
63998
64001
64007
64055
64068
64081
64092
64130
64133
64139
64187
64200
64213
64224
64262
64265
64271
64319
64332
64345
64356
64394
64397
64403
64451
64464
64477
64488
64526
64535
64540
64552
64587
64593
64602
64605
64611
64617
64626
64631
64643
64678
64684
64693
64696
64702
64708
64717
64722
64734
64769
64775
64784
64787
64793
64799
64808
64813
64825
64860
64866
64875
64878
64884
64890
64899
64904
64916
64951
64957
64966
64969
64975
64981
64990
64995
65007
65042
65048
65057
65060
65066
65072
65081
65086
65098
65133
65139
65148
65151
65157
65163
65172
65177
65189
65224
65230
65239
65242
65258
65261
65267
65315
65328
65341
65352
65390
65393
65399
65447
65460
65473
65484
65522
65525
65531
65579
65592
65605
65616
65654
65657
65663
65711
65724
65737
65748
65786
65789
65795
65843
65856
65869
65880
65918
65921
65927
65975
65988
66001
66012
66050
66053
66059
66107
66120
66133
66144
66182
66185
66191
66239
66252
66265
66276
66314
66323
66328
66340
66375
66381
66390
66393
66399
66405
66414
66419
66431
66466
66472
66481
66484
66490
66496
66505
66510
66522
66557
66563
66572
66575
66581
66587
66596
66601
66613
66648
66654
66663
66666
66672
66678
66687
66692
66704
66739
66745
66754
66757
66763
66769
66778
66783
66795
66830
66836
66845
66848
66854
66860
66869
66874
66886
66921
66927
66936
66939
66945
66951
66960
66965
66977
67012
67018
67027
67030
67046
67049
67055
67103
67116
67129
67140
67178
67181
67187
67235
67248
67261
67272
67310
67313
67319
67367
67380
67393
67404
67442
67445
67451
67499
67512
67525
67536
67574
67577
67583
67631
67644
67657
67668
67706
67709
67715
67763
67776
67789
67800
67838
67841
67847
67895
67908
67921
67932
67970
67973
67979
68027
68040
68053
68064
68102
68111
68116
68128
68163
68169
68178
68181
68187
68193
68202
68207
68219
68254
68260
68269
68272
68278
68284
68293
68298
68310
68345
68351
68360
68363
68369
68375
68384
68389
68401
68436
68442
68451
68454
68460
68466
68475
68480
68492
68527
68533
68542
68545
68551
68557
68566
68571
68583
68618
68624
68633
68636
68642
68648
68657
68662
68674
68709
68715
68724
68727
68733
68739
68748
68753
68765
68800
68806
68815
68818
68834
68837
68843
68891
68904
68917
68928
68966
68969
68975
69023
69036
69049
69060
69098
69101
69107
69155
69168
69181
69192
69230
69233
69239
69287
69300
69313
69324
69362
69365
69371
69419
69432
69445
69456
69494
69497
69503
69551
69564
69577
69588
69626
69629
69635
69683
69696
69709
69720
69758
69761
69767
69815
69828
69841
69852
69890
69899
69904
69916
69951
69957
69966
69969
69975
69981
69990
69995
70007
70042
70048
70057
70060
70066
70072
70081
70086
70098
70133
70139
70148
70151
70157
70163
70172
70177
70189
70224
70230
70239
70242
70248
70254
70263
70268
70280
70315
70321
70330
70333
70339
70345
70354
70359
70371
70406
70412
70421
70424
70430
70436
70445
70450
70462
70497
70503
70512
70515
70521
70527
70536
70541
70553
70588
70594
70603
70606
70622
70625
70631
70679
70692
70705
70716
70754
70757
70763
70811
70824
70837
70848
70886
70889
70895
70943
70956
70969
70980
71018
71021
71027
71075
71088
71101
71112
71150
71153
71159
71207
71220
71233
71244
71282
71285
71291
71339
71352
71365
71376
71414
71417
71423
71471
71484
71497
71508
71546
71549
71555
71603
71616
71629
71640
71678
71687
71692
71704
71739
71745
71754
71757
71763
71769
71778
71783
71795
71830
71836
71845
71848
71854
71860
71869
71874
71886
71921
71927
71936
71939
71945
71951
71960
71965
71977
72012
72018
72027
72030
72036
72042
72051
72056
72068
72103
72109
72118
72121
72127
72133
72142
72147
72159
72194
72200
72209
72212
72218
72224
72233
72238
72250
72285
72291
72300
72303
72309
72315
72324
72329
72341
72376
72382
72391
72394
72410
72413
72419
72467
72480
72493
72504
72542
72545
72551
72599
72612
72625
72636
72674
72677
72683
72731
72744
72757
72768
72806
72809
72815
72863
72876
72889
72900
72938
72941
72947
72995
73008
73021
73032
73070
73073
73079
73127
73140
73153
73164
73202
73205
73211
73259
73272
73285
73296
73334
73337
73343
73391
73404
73417
73428
73466
73475
73480
73492
73527
73533
73542
73545
73551
73557
73566
73571
73583
73618
73624
73633
73636
73642
73648
73657
73662
73674
73709
73715
73724
73727
73733
73739
73748
73753
73765
73800
73806
73815
73818
73824
73830
73839
73844
73856
73891
73897
73906
73909
73915
73921
73930
73935
73947
73982
73988
73997
74000
74006
74012
74021
74026
74038
74073
74079
74088
74091
74097
74103
74112
74117
74129
74164
74170
74179
74182
74198
74201
74207
74255
74268
74281
74292
74330
74333
74339
74387
74400
74413
74424
74462
74465
74471
74519
74532
74545
74556
74594
74597
74603
74651
74664
74677
74688
74726
74729
74735
74783
74796
74809
74820
74858
74861
74867
74915
74928
74941
74952
74990
74993
74999
75047
75060
75073
75084
75122
75125
75131
75179
75192
75205
75216
75254
75263
75268
75280
75315
75321
75330
75333
75339
75345
75354
75359
75371
75406
75412
75421
75424
75430
75436
75445
75450
75462
75497
75503
75512
75515
75521
75527
75536
75541
75553
75588
75594
75603
75606
75612
75618
75627
75632
75644
75679
75685
75694
75697
75703
75709
75718
75723
75735
75770
75776
75785
75788
75794
75800
75809
75814
75826
75861
75867
75876
75879
75885
75891
75900
75905
75917
75952
75958
75967
75970
75986
75989
75995
76043
76056
76069
76080
76118
76121
76127
76175
76188
76201
76212
76250
76253
76259
76307
76320
76333
76344
76382
76385
76391
76439
76452
76465
76476
76514
76517
76523
76571
76584
76597
76608
76646
76649
76655
76703
76716
76729
76740
76778
76781
76787
76835
76848
76861
76872
76910
76913
76919
76967
76980
76993
77004
77042
77051
77056
77068
77103
77109
77118
77121
77127
77133
77142
77147
77159
77194
77200
77209
77212
77218
77224
77233
77238
77250
77285
77291
77300
77303
77309
77315
77324
77329
77341
77376
77382
77391
77394
77400
77406
77415
77420
77432
77467
77473
77482
77485
77491
77497
77506
77511
77523
77558
77564
77573
77576
77582
77588
77597
77602
77614
77649
77655
77664
77667
77673
77679
77688
77693
77705
77740
77746
77755
77758
77774
77777
77783
77831
77844
77857
77868
77906
77909
77915
77963
77976
77989
78000
78038
78041
78047
78095
78108
78121
78132
78170
78173
78179
78227
78240
78253
78264
78302
78305
78311
78359
78372
78385
78396
78434
78437
78443
78491
78504
78517
78528
78566
78569
78575
78623
78636
78649
78660
78698
78701
78707
78755
78768
78781
78792
78830
78839
78844
78856
78891
78897
78906
78909
78915
78921
78930
78935
78947
78982
78988
78997
79000
79006
79012
79021
79026
79038
79073
79079
79088
79091
79097
79103
79112
79117
79129
79164
79170
79179
79182
79188
79194
79203
79208
79220
79255
79261
79270
79273
79279
79285
79294
79299
79311
79346
79352
79361
79364
79370
79376
79385
79390
79402
79437
79443
79452
79455
79461
79467
79476
79481
79493
79528
79534
79543
79546
79562
79565
79571
79619
79632
79645
79656
79694
79697
79703
79751
79764
79777
79788
79826
79829
79835
79883
79896
79909
79920
79958
79961
79967
80015
80028
80041
80052
80090
80093
80099
80147
80160
80173
80184
80222
80225
80231
80279
80292
80305
80316
80354
80357
80363
80411
80424
80437
80448
80486
80489
80495
80543
80556
80569
80580
80618
80627
80632
80644
80679
80685
80694
80697
80703
80709
80718
80723
80735
80770
80776
80785
80788
80794
80800
80809
80814
80826
80861
80867
80876
80879
80885
80891
80900
80905
80917
80952
80958
80967
80970
80976
80982
80991
80996
81008
81043
81049
81058
81061
81067
81073
81082
81087
81099
81134
81140
81149
81152
81158
81164
81173
81178
81190
81225
81231
81240
81243
81249
81255
81264
81269
81281
81316
81322
81331
81334
81350
81353
81359
81407
81420
81433
81444
81482
81485
81491
81539
81552
81565
81576
81614
81617
81623
81671
81684
81697
81708
81746
81749
81755
81803
81816
81829
81840
81878
81881
81887
81935
81948
81961
81972
82010
82013
82019
82067
82080
82093
82104
82142
82145
82151
82199
82212
82225
82236
82274
82277
82283
82331
82344
82357
82368
82406
82415
82420
82432
82467
82473
82482
82485
82491
82497
82506
82511
82523
82558
82564
82573
82576
82582
82588
82597
82602
82614
82649
82655
82664
82667
82673
82679
82688
82693
82705
82740
82746
82755
82758
82764
82770
82779
82784
82796
82831
82837
82846
82849
82855
82861
82870
82875
82887
82922
82928
