57600
57602
57604
57606
57608
57610
57612
57614
57616
57618
57620
57622
57624
57626
57628
57630
57632
57634
57636
57638
57640
57642
57644
57646
57648
57650
57652
57654
57656
57658
57660
57662
57664
57666
57668
57670
57672
57674
57676
57678
57680
57682
57684
57686
57688
57690
57692
57694
114912
114914
114916
114918
114920
114922
114924
114926
114928
114930
114932
114934
114936
114938
114940
114942
114944
114946
114948
114950
114952
114954
114956
114958
114960
114962
114964
114966
114968
114970
114972
114974
114976
114978
114980
114982
114984
114986
114988
114990
114992
114994
114996
114998
115000
115002
115004
115006
1
3
5
7
9
11
13
15
17
19
21
23
25
27
29
31
33
35
37
39
41
43
45
47
49
51
53
55
57
59
61
63
65
67
69
71
73
75
77
79
81
83
85
87
89
91
93
95
193
260
284
351
375
442
466
533
557
624
648
715
739
806
830
897
923
990
1014
1081
1105
1172
1196
1263
1287
1354
1378
1445
1469
1536
1560
1627
1698
1784
1830
1916
1962
2048
2094
2180
2226
2312
2358
2444
2490
2576
2622
2711
2778
2802
2869
2893
2960
2984
3051
3075
3142
3166
3233
3257
3324
3348
3415
3486
3572
3618
3704
3750
3836
3882
3968
4014
4100
4146
4232
4278
4364
4410
4499
4566
4590
4657
4681
4748
4772
4839
4863
4930
4954
5021
5045
5112
5136
5203
5274
5360
5406
5492
5538
5624
5670
5756
5802
5888
5934
6020
6066
6152
6198
6287
6354
6378
6445
6469
6536
6560
6627
6651
6718
6742
6809
6833
6900
6924
6991
7062
7148
7194
7280
7326
7412
7458
7544
7590
7676
7722
7808
7854
7940
7986
8075
8142
8166
8233
8257
8324
8348
8415
8439
8506
8530
8597
8621
8688
8712
8779
8850
8936
8982
9068
9114
9200
9246
9332
9378
9464
9510
9596
9642
9728
9774
9863
9930
9954
10021
10045
10112
10136
10203
10227
10294
10318
10385
10409
10476
10500
10567
10638
10724
10770
10856
10902
10988
11034
11120
11166
11252
11298
11384
11430
11516
11562
11651
11718
11742
11809
11833
11900
11924
11991
12015
12082
12106
12173
12197
12264
12288
12355
12426
12512
12558
12644
12690
12776
12822
12908
12954
13040
13086
13172
13218
13304
13350
13439
13506
13530
13597
13621
13688
13712
13779
13803
13870
13894
13961
13985
14052
14076
14143
14214
14300
14346
14432
14478
14564
14610
14696
14742
14828
14874
14960
15006
15092
15138
15227
15294
15318
15385
15409
15476
15500
15567
15591
15658
15682
15749
15773
15840
15864
15931
16002
16088
16134
16220
16266
16352
16398
16484
16530
16616
16662
16748
16794
16880
16926
17015
17082
17106
17173
17197
17264
17288
17355
17379
17446
17470
17537
17561
17628
17652
17719
17790
17876
17922
18008
18054
18140
18186
18272
18318
18404
18450
18536
18582
18668
18714
18803
18870
18894
18961
18985
19052
19076
19143
19167
19234
19258
19325
19349
19416
19440
19507
19578
19664
19710
19796
19842
19928
19974
20060
20106
20192
20238
20324
20370
20456
20502
20591
20658
20682
20749
20773
20840
20864
20931
20955
21022
21046
21113
21137
21204
21228
21295
21366
21452
21498
21584
21630
21716
21762
21848
21894
21980
22026
22112
22158
22244
22290
22379
22446
22470
22537
22561
22628
22652
22719
22743
22810
22834
22901
22925
22992
23016
23083
23154
23240
23286
23372
23418
23504
23550
23636
23682
23768
23814
23900
23946
24032
24078
24167
24234
24258
24325
24349
24416
24440
24507
24531
24598
24622
24689
24713
24780
24804
24871
24942
25028
25074
25160
25206
25292
25338
25424
25470
25556
25602
25688
25734
25820
25866
25955
26022
26046
26113
26137
26204
26228
26295
26319
26386
26410
26477
26501
26568
26592
26659
26730
26816
26862
26948
26994
27080
27126
27212
27258
27344
27390
27476
27522
27608
27654
27743
27810
27834
27901
27925
27992
28016
28083
28107
28174
28198
28265
28289
28356
28380
28447
28518
28604
28650
28736
28782
28868
28914
29000
29046
29132
29178
29264
29310
29396
29442
29531
29598
29622
29689
29713
29780
29804
29871
29895
29962
29986
30053
30077
30144
30168
30235
30306
30392
30438
30524
30570
30656
30702
30788
30834
30920
30966
31052
31098
31184
31230
31319
31386
31410
31477
31501
31568
31592
31659
31683
31750
31774
31841
31865
31932
31956
32023
32094
32180
32226
32312
32358
32444
32490
32576
32622
32708
32754
32840
32886
32972
33018
33107
33174
33198
33265
33289
33356
33380
33447
33471
33538
33562
33629
33653
33720
33744
33811
33882
33968
34014
34100
34146
34232
34278
34364
34410
34496
34542
34628
34674
34760
34806
34895
34962
34986
35053
35077
35144
35168
35235
35259
35326
35350
35417
35441
35508
35532
35599
35670
35756
35802
35888
35934
36020
36066
36152
36198
36284
36330
36416
36462
36548
36594
36683
36750
36774
36841
36865
36932
36956
37023
37047
37114
37138
37205
37229
37296
37320
37387
37458
37544
37590
37676
37722
37808
37854
37940
37986
38072
38118
38204
38250
38336
38382
38471
38538
38562
38629
38653
38720
38744
38811
38835
38902
38926
38993
39017
39084
39108
39175
39246
39332
39378
39464
39510
39596
39642
39728
39774
39860
39906
39992
40038
40124
40170
40259
40326
40350
40417
40441
40508
40532
40599
40623
40690
40714
40781
40805
40872
40896
40963
41034
41120
41166
41252
41298
41384
41430
41516
41562
41648
41694
41780
41826
41912
41958
42047
42114
42138
42205
42229
42296
42320
42387
42411
42478
42502
42569
42593
42660
42684
42751
42822
42908
42954
43040
43086
43172
43218
43304
43350
43436
43482
43568
43614
43700
43746
43835
43902
43926
43993
44017
44084
44108
44175
44199
44266
44290
44357
44381
44448
44472
44539
44610
44696
44742
44828
44874
44960
45006
45092
45138
45224
45270
45356
45402
45488
45534
45623
45690
45714
45781
45805
45872
45896
45963
45987
46054
46078
46145
46169
46236
46260
46327
46398
46484
46530
46616
46662
46748
46794
46880
46926
47012
47058
47144
47190
47276
47322
47411
47478
47502
47569
47593
47660
47684
47751
47775
47842
47866
47933
47957
48024
48048
48115
48186
48272
48318
48404
48450
48536
48582
48668
48714
48800
48846
48932
48978
49064
49110
49199
49266
49290
49357
49381
49448
49472
49539
49563
49630
49654
49721
49745
49812
49836
49903
49974
50060
50106
50192
50238
50324
50370
50456
50502
50588
50634
50720
50766
50852
50898
50987
51054
51078
51145
51169
51236
51260
51327
51351
51418
51442
51509
51533
51600
51624
51691
51762
51848
51894
51980
52026
52112
52158
52244
52290
52376
52422
52508
52554
52640
52686
52775
52842
52866
52933
52957
53024
53048
53115
53139
53206
53230
53297
53321
53388
53412
53479
53550
53636
53682
53768
53814
53900
53946
54032
54078
54164
54210
54296
54342
54428
54474
54563
54630
54654
54721
54745
54812
54836
54903
54927
54994
55018
55085
55109
55176
55200
55267
55338
55424
55470
55556
55602
55688
55734
55820
55866
55952
55998
56084
56130
56216
56262
56396
56482
56528
56614
56660
56746
56792
56878
56924
57010
57056
57142
57188
57274
57320
57697
57764
57788
57855
57879
57946
57970
58037
58061
58128
58152
58219
58243
58310
58334
58401
58427
58494
58518
58585
58609
58676
58700
58767
58791
58858
58882
58949
58973
59040
59064
59131
59202
59288
59334
59420
59466
59552
59598
59684
59730
59816
59862
59948
59994
60080
60126
60215
60282
60306
60373
60397
60464
60488
60555
60579
60646
60670
60737
60761
60828
60852
60919
60990
61076
61122
61208
61254
61340
61386
61472
61518
61604
61650
61736
61782
61868
61914
62003
62070
62094
62161
62185
62252
62276
62343
62367
62434
62458
62525
62549
62616
62640
62707
62778
62864
62910
62996
63042
63128
63174
63260
63306
63392
63438
63524
63570
63656
63702
63791
63858
63882
63949
63973
64040
64064
64131
64155
64222
64246
64313
64337
64404
64428
64495
64566
64652
64698
64784
64830
64916
64962
65048
65094
65180
65226
65312
65358
65444
65490
65579
65646
65670
65737
65761
65828
65852
65919
65943
66010
66034
66101
66125
66192
66216
66283
66354
66440
66486
66572
66618
66704
66750
66836
66882
66968
67014
67100
67146
67232
67278
67367
67434
67458
67525
67549
67616
67640
67707
67731
67798
67822
67889
67913
67980
68004
68071
68142
68228
68274
68360
68406
68492
68538
68624
68670
68756
68802
68888
68934
69020
69066
69155
69222
69246
69313
69337
69404
69428
69495
69519
69586
69610
69677
69701
69768
69792
69859
69930
70016
70062
70148
70194
70280
70326
70412
70458
70544
70590
70676
70722
70808
70854
70943
71010
71034
71101
71125
71192
71216
71283
71307
71374
71398
71465
71489
71556
71580
71647
71718
71804
71850
71936
71982
72068
72114
72200
72246
72332
72378
72464
72510
72596
72642
72731
72798
72822
72889
72913
72980
73004
73071
73095
73162
73186
73253
73277
73344
73368
73435
73506
73592
73638
73724
73770
73856
73902
73988
74034
74120
74166
74252
74298
74384
74430
74519
74586
74610
74677
74701
74768
74792
74859
74883
74950
74974
75041
75065
75132
75156
75223
75294
75380
75426
75512
75558
75644
75690
75776
75822
75908
75954
76040
76086
76172
76218
76307
76374
76398
76465
76489
76556
76580
76647
76671
76738
76762
76829
76853
76920
76944
77011
77082
77168
77214
77300
77346
77432
77478
77564
77610
77696
77742
77828
77874
77960
78006
78095
78162
78186
78253
78277
78344
78368
78435
78459
78526
78550
78617
78641
78708
78732
78799
78870
78956
79002
79088
79134
79220
79266
79352
79398
79484
79530
79616
79662
79748
79794
79883
79950
79974
80041
80065
80132
80156
80223
80247
80314
80338
80405
80429
80496
80520
80587
80658
80744
80790
80876
80922
81008
81054
81140
81186
81272
81318
81404
81450
81536
81582
81671
81738
81762
81829
81853
81920
81944
82011
82035
82102
82126
82193
82217
82284
82308
82375
82446
82532
82578
82664
82710
82796
82842
82928
82974
83060
83106
83192
83238
83324
83370
83459
83526
83550
83617
83641
83708
83732
83799
83823
83890
83914
83981
84005
84072
84096
84163
84234
84320
84366
84452
84498
84584
84630
84716
84762
84848
84894
84980
85026
85112
85158
85247
85314
85338
85405
85429
85496
85520
85587
85611
85678
85702
85769
85793
85860
85884
85951
86022
86108
86154
86240
86286
86372
86418
86504
86550
86636
86682
86768
86814
86900
86946
87035
87102
87126
87193
87217
87284
87308
87375
87399
87466
87490
87557
87581
87648
87672
87739
87810
87896
87942
88028
88074
88160
88206
88292
88338
88424
88470
88556
88602
88688
88734
88823
88890
88914
88981
89005
89072
89096
89163
89187
89254
89278
89345
89369
89436
89460
89527
89598
89684
89730
89816
89862
89948
89994
90080
90126
90212
90258
90344
90390
90476
90522
90611
90678
90702
90769
90793
90860
90884
90951
90975
91042
91066
91133
91157
91224
91248
91315
91386
91472
91518
91604
91650
91736
91782
91868
91914
92000
92046
92132
92178
92264
92310
92399
92466
92490
92557
92581
92648
92672
92739
92763
92830
92854
92921
92945
93012
93036
93103
93174
93260
93306
93392
93438
93524
93570
93656
93702
93788
93834
93920
93966
94052
94098
94187
94254
94278
94345
94369
94436
94460
94527
94551
94618
94642
94709
94733
94800
94824
94891
94962
95048
95094
95180
95226
95312
95358
95444
95490
95576
95622
95708
95754
95840
95886
95975
96042
96066
96133
96157
96224
96248
96315
96339
96406
96430
96497
96521
96588
96612
96679
96750
96836
96882
96968
97014
97100
97146
97232
97278
97364
97410
97496
97542
97628
97674
97763
97830
97854
97921
97945
98012
98036
98103
98127
98194
98218
98285
98309
98376
98400
98467
98538
98624
98670
98756
98802
98888
98934
99020
99066
99152
99198
99284
99330
99416
99462
99551
99618
99642
99709
99733
99800
99824
99891
99915
99982
100006
100073
100097
100164
100188
100255
100326
100412
100458
100544
100590
100676
100722
100808
100854
100940
100986
101072
101118
101204
101250
101339
101406
101430
101497
101521
101588
101612
101679
101703
101770
101794
101861
101885
101952
101976
102043
102114
102200
102246
102332
102378
102464
102510
102596
102642
102728
102774
102860
102906
102992
103038
103127
103194
103218
103285
103309
103376
103400
103467
103491
103558
103582
103649
103673
103740
103764
103831
103902
103988
104034
104120
104166
104252
104298
104384
104430
104516
104562
104648
104694
104780
104826
104915
104982
105006
105073
105097
105164
105188
105255
105279
105346
105370
105437
105461
105528
105552
105619
105690
105776
105822
105908
105954
106040
106086
106172
106218
106304
106350
106436
106482
106568
106614
106703
106770
106794
106861
106885
106952
106976
107043
107067
107134
107158
107225
107249
107316
107340
107407
107478
107564
107610
107696
107742
107828
107874
107960
108006
108092
108138
108224
108270
108356
108402
108491
108558
108582
108649
108673
108740
108764
108831
108855
108922
108946
109013
109037
109104
109128
109195
109266
109352
109398
109484
109530
109616
109662
109748
109794
109880
109926
110012
110058
110144
110190
110279
110346
110370
110437
110461
110528
110552
110619
110643
110710
110734
110801
110825
110892
110916
110983
111054
111140
111186
111272
111318
111404
111450
111536
111582
111668
111714
111800
111846
111932
111978
112067
112134
112158
112225
112249
112316
112340
112407
112431
112498
112522
112589
112613
112680
112704
112771
112842
112928
112974
113060
113106
113192
113238
113324
113370
113456
113502
113588
113634
113720
113766
113900
113986
114032
114118
114164
114250
114296
114382
114428
114514
114560
114646
114692
114778
114824
144
145
146
147
148
149
150
151
152
153
154
155
156
157
158
159
160
161
162
163
164
165
166
167
168
169
170
171
172
173
174
175
176
177
178
179
180
181
182
183
184
185
186
187
188
189
190
191
198
207
212
224
259
265
274
277
283
289
298
303
315
350
356
365
368
374
380
389
394
406
441
447
456
459
465
471
480
485
497
532
538
547
550
556
562
571
576
588
623
629
638
641
647
653
662
667
679
714
720
729
732
738
744
753
758
770
805
811
820
823
829
835
844
849
861
896
902
911
914
928
937
942
954
989
995
1004
1007
1013
1019
1028
1033
1045
1080
1086
1095
1098
1104
1110
1119
1124
1136
1171
1177
1186
1189
1195
1201
1210
1215
1227
1262
1268
1277
1280
1286
1292
1301
1306
1318
1353
1359
1368
1371
1377
1383
1392
1397
1409
1444
1450
1459
1462
1468
1474
1483
1488
1500
1535
1541
1550
1553
1559
1565
1574
1579
1591
1626
1632
1641
1644
1660
1663
1669
1717
1730
1743
1754
1792
1795
1801
1849
1862
1875
1886
1924
1927
1933
1981
1994
2007
2018
2056
2059
2065
2113
2126
2139
2150
2188
2191
2197
2245
2258
2271
2282
2320
2323
2329
2377
2390
2403
2414
2452
2455
2461
2509
2522
2535
2546
2584
2587
2593
2641
2654
2667
2678
2716
2725
2730
2742
2777
2783
2792
2795
2801
2807
2816
2821
2833
2868
2874
2883
2886
2892
2898
2907
2912
2924
2959
2965
2974
2977
2983
2989
2998
3003
3015
3050
3056
3065
3068
3074
3080
3089
3094
3106
3141
3147
3156
3159
3165
3171
3180
3185
3197
3232
3238
3247
3250
3256
3262
3271
3276
3288
3323
3329
3338
3341
3347
3353
3362
3367
3379
3414
3420
3429
3432
3448
3451
3457
3505
3518
3531
3542
3580
3583
3589
3637
3650
3663
3674
3712
3715
3721
3769
3782
3795
3806
3844
3847
3853
3901
3914
3927
3938
3976
3979
3985
4033
4046
4059
4070
4108
4111
4117
4165
4178
4191
4202
4240
4243
4249
4297
4310
4323
4334
4372
4375
4381
4429
4442
4455
4466
4504
4513
4518
4530
4565
4571
4580
4583
4589
4595
4604
4609
4621
4656
4662
4671
4674
4680
4686
4695
4700
4712
4747
4753
4762
4765
4771
4777
4786
4791
4803
4838
4844
4853
4856
4862
4868
4877
4882
4894
4929
4935
4944
4947
4953
4959
4968
4973
4985
5020
5026
5035
5038
5044
5050
5059
5064
5076
5111
5117
5126
5129
5135
5141
5150
5155
5167
5202
5208
5217
5220
5236
5239
5245
5293
5306
5319
5330
5368
5371
5377
5425
5438
5451
5462
5500
5503
5509
5557
5570
5583
5594
5632
5635
5641
5689
5702
5715
5726
5764
5767
5773
5821
5834
5847
5858
5896
5899
5905
5953
5966
5979
5990
6028
6031
6037
6085
6098
6111
6122
6160
6163
6169
6217
6230
6243
6254
6292
6301
6306
6318
6353
6359
6368
6371
6377
6383
6392
6397
6409
6444
6450
6459
6462
6468
6474
6483
6488
6500
6535
6541
6550
6553
6559
6565
6574
6579
6591
6626
6632
6641
6644
6650
6656
6665
6670
6682
6717
6723
6732
6735
6741
6747
6756
6761
6773
6808
6814
6823
6826
6832
6838
6847
6852
6864
6899
6905
6914
6917
6923
6929
6938
6943
6955
6990
6996
7005
7008
7024
7027
7033
7081
7094
7107
7118
7156
7159
7165
7213
7226
7239
7250
7288
7291
7297
7345
7358
7371
7382
7420
7423
7429
7477
7490
7503
7514
7552
7555
7561
7609
7622
7635
7646
7684
7687
7693
7741
7754
7767
7778
7816
7819
7825
7873
7886
7899
7910
7948
7951
7957
8005
8018
8031
8042
8080
8089
8094
8106
8141
8147
8156
8159
8165
8171
8180
8185
8197
8232
8238
8247
8250
8256
8262
8271
8276
8288
8323
8329
8338
8341
8347
8353
8362
8367
8379
8414
8420
8429
8432
8438
8444
8453
8458
8470
8505
8511
8520
8523
8529
8535
8544
8549
8561
8596
8602
8611
8614
8620
8626
8635
8640
8652
8687
8693
8702
8705
8711
8717
8726
8731
8743
8778
8784
8793
8796
8812
8815
8821
8869
8882
8895
8906
8944
8947
8953
9001
9014
9027
9038
9076
9079
9085
9133
9146
9159
9170
9208
9211
9217
9265
9278
9291
9302
9340
9343
9349
9397
9410
9423
9434
9472
9475
9481
9529
9542
9555
9566
9604
9607
9613
9661
9674
9687
9698
9736
9739
9745
9793
9806
9819
9830
9868
9877
9882
9894
9929
9935
9944
9947
9953
9959
9968
9973
9985
10020
10026
10035
10038
10044
10050
10059
10064
10076
10111
10117
10126
10129
10135
10141
10150
10155
10167
10202
10208
10217
10220
10226
10232
10241
10246
10258
10293
10299
10308
10311
10317
10323
10332
10337
10349
10384
10390
10399
10402
10408
10414
10423
10428
10440
10475
10481
10490
10493
10499
10505
10514
10519
10531
10566
10572
10581
10584
10600
10603
10609
10657
10670
10683
10694
10732
10735
10741
10789
10802
10815
10826
10864
10867
10873
10921
10934
10947
10958
10996
10999
11005
11053
11066
11079
11090
11128
11131
11137
11185
11198
11211
11222
11260
11263
11269
11317
11330
11343
11354
11392
11395
11401
11449
11462
11475
11486
11524
11527
11533
11581
11594
11607
11618
11656
11665
11670
11682
11717
11723
11732
11735
11741
11747
11756
11761
11773
11808
11814
11823
11826
11832
11838
11847
11852
11864
11899
11905
11914
11917
11923
11929
11938
11943
11955
11990
11996
12005
12008
12014
12020
12029
12034
12046
12081
12087
12096
12099
12105
12111
12120
12125
12137
12172
12178
12187
12190
12196
12202
12211
12216
12228
12263
12269
12278
12281
12287
12293
12302
12307
12319
12354
12360
12369
12372
12388
12391
12397
12445
12458
12471
12482
12520
12523
12529
12577
12590
12603
12614
12652
12655
12661
12709
12722
12735
12746
12784
12787
12793
12841
12854
12867
12878
12916
12919
12925
12973
12986
12999
13010
13048
13051
13057
13105
13118
13131
13142
13180
13183
13189
13237
13250
13263
13274
13312
13315
13321
13369
13382
13395
13406
13444
13453
13458
13470
13505
13511
13520
13523
13529
13535
13544
13549
13561
13596
13602
13611
13614
13620
13626
13635
13640
13652
13687
13693
13702
13705
13711
13717
13726
13731
13743
13778
13784
13793
13796
13802
13808
13817
13822
13834
13869
13875
13884
13887
13893
13899
13908
13913
13925
13960
13966
13975
13978
13984
13990
13999
14004
14016
14051
14057
14066
14069
14075
14081
14090
14095
14107
14142
14148
14157
14160
14176
14179
14185
14233
14246
14259
14270
14308
14311
14317
14365
14378
14391
14402
14440
14443
14449
14497
14510
14523
14534
14572
14575
14581
14629
14642
14655
14666
14704
14707
14713
14761
14774
14787
14798
14836
14839
14845
14893
14906
14919
14930
14968
14971
14977
15025
15038
15051
15062
15100
15103
15109
15157
15170
15183
15194
15232
15241
15246
15258
15293
15299
15308
15311
15317
15323
15332
15337
15349
15384
15390
15399
15402
15408
15414
15423
15428
15440
15475
15481
15490
15493
15499
15505
15514
15519
15531
15566
15572
15581
15584
15590
15596
15605
15610
15622
15657
15663
15672
15675
15681
15687
15696
15701
15713
15748
15754
15763
15766
15772
15778
15787
15792
15804
15839
15845
15854
15857
15863
15869
15878
15883
15895
15930
15936
15945
15948
15964
15967
15973
16021
16034
16047
16058
16096
16099
16105
16153
16166
16179
16190
16228
16231
16237
16285
16298
16311
16322
16360
16363
16369
16417
16430
16443
16454
16492
16495
16501
16549
16562
16575
16586
16624
16627
16633
16681
16694
16707
16718
16756
16759
16765
16813
16826
16839
16850
16888
16891
16897
16945
16958
16971
16982
17020
17029
17034
17046
17081
17087
17096
17099
17105
17111
17120
17125
17137
17172
17178
17187
17190
17196
17202
17211
17216
17228
17263
17269
17278
17281
17287
17293
17302
17307
17319
17354
17360
17369
17372
17378
17384
17393
17398
17410
17445
17451
17460
17463
17469
17475
17484
17489
17501
17536
17542
17551
17554
17560
17566
17575
17580
17592
17627
17633
17642
17645
17651
17657
17666
17671
17683
17718
17724
17733
17736
17752
17755
17761
17809
17822
17835
17846
17884
17887
17893
17941
17954
17967
17978
18016
18019
18025
18073
18086
18099
18110
18148
18151
18157
18205
18218
18231
18242
18280
18283
18289
18337
18350
18363
18374
18412
18415
18421
18469
18482
18495
18506
18544
18547
18553
18601
18614
18627
18638
18676
18679
18685
18733
18746
18759
18770
18808
18817
18822
18834
18869
18875
18884
18887
18893
18899
18908
18913
18925
18960
18966
18975
18978
18984
18990
18999
19004
19016
19051
19057
19066
19069
19075
19081
19090
19095
19107
19142
19148
19157
19160
19166
19172
19181
19186
19198
19233
19239
19248
19251
19257
19263
19272
19277
19289
19324
19330
19339
19342
19348
19354
19363
19368
19380
19415
19421
19430
19433
19439
19445
19454
19459
19471
19506
19512
19521
19524
19540
19543
19549
19597
19610
19623
19634
19672
19675
19681
19729
19742
19755
19766
19804
19807
19813
19861
19874
19887
19898
19936
19939
19945
19993
20006
20019
20030
20068
20071
20077
20125
20138
20151
20162
20200
20203
20209
20257
20270
20283
20294
20332
20335
20341
20389
20402
20415
20426
20464
20467
20473
20521
20534
20547
20558
20596
20605
20610
20622
20657
20663
20672
20675
20681
20687
20696
20701
20713
20748
20754
20763
20766
20772
20778
20787
20792
20804
20839
20845
20854
20857
20863
20869
20878
20883
20895
20930
20936
20945
20948
20954
20960
20969
20974
20986
21021
21027
21036
21039
21045
21051
21060
21065
21077
21112
21118
21127
21130
21136
21142
21151
21156
21168
21203
21209
21218
21221
21227
21233
21242
21247
21259
21294
21300
21309
21312
21328
21331
21337
21385
21398
21411
21422
21460
21463
21469
21517
21530
21543
21554
21592
21595
21601
21649
21662
21675
21686
21724
21727
21733
21781
21794
21807
21818
21856
21859
21865
21913
21926
21939
21950
21988
21991
21997
22045
22058
22071
22082
22120
22123
22129
22177
22190
22203
22214
22252
22255
22261
22309
22322
22335
22346
22384
22393
22398
22410
22445
22451
22460
22463
22469
22475
22484
22489
22501
22536
22542
22551
22554
22560
22566
22575
22580
22592
22627
22633
22642
22645
22651
22657
22666
22671
22683
22718
22724
22733
22736
22742
22748
22757
22762
22774
22809
22815
22824
22827
22833
22839
22848
22853
22865
22900
22906
22915
22918
22924
22930
22939
22944
22956
22991
22997
23006
23009
23015
23021
23030
23035
23047
23082
23088
23097
23100
23116
23119
23125
23173
23186
23199
23210
23248
23251
23257
23305
23318
23331
23342
23380
23383
23389
23437
23450
23463
23474
23512
23515
23521
23569
23582
23595
23606
23644
23647
23653
23701
23714
23727
23738
23776
23779
23785
23833
23846
23859
23870
23908
23911
23917
23965
23978
23991
24002
24040
24043
24049
24097
24110
24123
24134
24172
24181
24186
24198
24233
24239
24248
24251
24257
24263
24272
24277
24289
24324
24330
24339
24342
24348
24354
24363
24368
24380
24415
24421
24430
24433
24439
24445
24454
24459
24471
24506
24512
24521
24524
24530
24536
24545
24550
24562
24597
24603
24612
24615
24621
24627
24636
24641
24653
24688
24694
24703
24706
24712
24718
24727
24732
24744
24779
24785
24794
24797
24803
24809
24818
24823
24835
24870
24876
24885
24888
24904
24907
24913
24961
24974
24987
24998
25036
25039
25045
25093
25106
25119
25130
25168
25171
25177
25225
25238
25251
25262
25300
25303
25309
25357
25370
25383
25394
25432
25435
25441
25489
25502
25515
25526
25564
25567
25573
25621
25634
25647
25658
25696
25699
25705
25753
25766
25779
25790
25828
25831
25837
25885
25898
25911
25922
25960
25969
25974
25986
26021
26027
26036
26039
26045
26051
26060
26065
26077
26112
26118
26127
26130
26136
26142
26151
26156
26168
26203
26209
26218
26221
26227
26233
26242
26247
26259
26294
26300
26309
26312
26318
26324
26333
26338
26350
26385
26391
26400
26403
26409
26415
26424
26429
26441
26476
26482
26491
26494
26500
26506
26515
26520
26532
26567
26573
26582
26585
26591
26597
26606
26611
26623
26658
26664
26673
26676
26692
26695
26701
26749
26762
26775
26786
26824
26827
26833
26881
26894
26907
26918
26956
26959
26965
27013
27026
27039
27050
27088
27091
27097
27145
27158
27171
27182
27220
27223
27229
27277
27290
27303
27314
27352
27355
27361
27409
27422
27435
27446
27484
27487
27493
27541
27554
27567
27578
27616
27619
27625
27673
27686
27699
27710
27748
27757
27762
27774
27809
27815
27824
27827
27833
27839
27848
27853
27865
27900
27906
27915
27918
27924
27930
27939
27944
27956
27991
27997
28006
28009
28015
28021
28030
28035
28047
28082
28088
28097
28100
28106
28112
28121
28126
28138
28173
28179
28188
28191
28197
28203
28212
28217
28229
28264
28270
28279
28282
28288
28294
28303
28308
28320
28355
28361
28370
28373
28379
28385
28394
28399
28411
28446
28452
28461
28464
28480
28483
28489
28537
28550
28563
28574
28612
28615
28621
28669
28682
28695
28706
28744
28747
28753
28801
28814
28827
28838
28876
28879
28885
28933
28946
28959
28970
29008
29011
29017
29065
29078
29091
29102
29140
29143
29149
29197
29210
29223
29234
29272
29275
29281
29329
29342
29355
29366
29404
29407
29413
29461
29474
29487
29498
29536
29545
29550
29562
29597
29603
29612
29615
29621
29627
29636
29641
29653
29688
29694
29703
29706
29712
29718
29727
29732
29744
29779
29785
29794
29797
29803
29809
29818
29823
29835
29870
29876
29885
29888
29894
29900
29909
29914
29926
29961
29967
29976
29979
29985
29991
30000
30005
30017
30052
30058
30067
30070
30076
30082
30091
30096
30108
30143
30149
30158
30161
30167
30173
30182
30187
30199
30234
30240
30249
30252
30268
30271
30277
30325
30338
30351
30362
30400
30403
30409
30457
30470
30483
30494
30532
30535
30541
30589
30602
30615
30626
30664
30667
30673
30721
30734
30747
30758
30796
30799
30805
30853
30866
30879
30890
30928
30931
30937
30985
30998
31011
31022
31060
31063
31069
31117
31130
31143
31154
31192
31195
31201
31249
31262
31275
31286
31324
31333
31338
31350
31385
31391
31400
31403
31409
31415
31424
31429
31441
31476
31482
31491
31494
31500
31506
31515
31520
31532
31567
31573
31582
31585
31591
31597
31606
31611
31623
31658
31664
31673
31676
31682
31688
31697
31702
31714
31749
31755
31764
31767
31773
31779
31788
31793
31805
31840
31846
31855
31858
31864
31870
31879
31884
31896
31931
31937
31946
31949
31955
31961
31970
31975
31987
32022
32028
32037
32040
32056
32059
32065
32113
32126
32139
32150
32188
32191
32197
32245
32258
32271
32282
32320
32323
32329
32377
32390
32403
32414
32452
32455
32461
32509
32522
32535
32546
32584
32587
32593
32641
32654
32667
32678
32716
32719
32725
32773
32786
32799
32810
32848
32851
32857
32905
32918
32931
32942
32980
32983
32989
33037
33050
33063
33074
33112
33121
33126
33138
33173
33179
33188
33191
33197
33203
33212
33217
33229
33264
33270
33279
33282
33288
33294
33303
33308
33320
33355
33361
33370
33373
33379
33385
33394
33399
33411
33446
33452
33461
33464
33470
33476
33485
33490
33502
33537
33543
33552
33555
33561
33567
33576
33581
33593
33628
33634
33643
33646
33652
33658
33667
33672
33684
33719
33725
33734
33737
33743
33749
33758
33763
33775
33810
33816
33825
33828
33844
33847
33853
33901
33914
33927
33938
33976
33979
33985
34033
34046
34059
34070
34108
34111
34117
34165
34178
34191
34202
34240
34243
34249
34297
34310
34323
34334
34372
34375
34381
34429
34442
34455
34466
34504
34507
34513
34561
34574
34587
34598
34636
34639
34645
34693
34706
34719
34730
34768
34771
34777
34825
34838
34851
34862
34900
34909
34914
34926
34961
34967
34976
34979
34985
34991
35000
35005
35017
35052
35058
35067
35070
35076
35082
35091
35096
35108
35143
35149
35158
35161
35167
35173
35182
35187
35199
35234
35240
35249
35252
35258
35264
35273
35278
35290
35325
35331
35340
35343
35349
35355
35364
35369
35381
35416
35422
35431
35434
35440
35446
35455
35460
35472
35507
35513
35522
35525
35531
35537
35546
35551
35563
35598
35604
35613
35616
35632
35635
35641
35689
35702
35715
35726
35764
35767
35773
35821
35834
35847
35858
35896
35899
35905
35953
35966
35979
35990
36028
36031
36037
36085
36098
36111
36122
36160
36163
36169
36217
36230
36243
36254
36292
36295
36301
36349
36362
36375
36386
36424
36427
36433
36481
36494
36507
36518
36556
36559
36565
36613
36626
36639
36650
36688
36697
36702
36714
36749
36755
36764
36767
36773
36779
36788
36793
36805
36840
36846
36855
36858
36864
36870
36879
36884
36896
36931
36937
36946
36949
36955
36961
36970
36975
36987
37022
37028
37037
37040
37046
37052
37061
37066
37078
37113
37119
37128
37131
37137
37143
37152
37157
37169
37204
37210
37219
37222
37228
37234
37243
37248
37260
37295
37301
37310
37313
37319
37325
37334
37339
37351
37386
37392
37401
37404
37420
37423
37429
37477
37490
37503
37514
37552
37555
37561
37609
37622
37635
37646
37684
37687
37693
37741
37754
37767
37778
37816
37819
37825
37873
37886
37899
37910
37948
37951
37957
38005
38018
38031
38042
38080
38083
38089
38137
38150
38163
38174
38212
38215
38221
38269
38282
38295
38306
38344
38347
38353
38401
38414
38427
38438
38476
38485
38490
38502
38537
38543
38552
38555
38561
38567
38576
38581
38593
38628
38634
38643
38646
38652
38658
38667
38672
38684
38719
38725
38734
38737
38743
38749
38758
38763
38775
38810
38816
38825
38828
38834
38840
38849
38854
38866
38901
38907
38916
38919
38925
38931
38940
38945
38957
38992
38998
39007
39010
39016
39022
39031
39036
39048
39083
39089
39098
39101
39107
39113
39122
39127
39139
39174
39180
39189
39192
39208
39211
39217
39265
39278
39291
39302
39340
39343
39349
39397
39410
39423
39434
39472
39475
39481
39529
39542
39555
39566
39604
39607
39613
39661
39674
39687
39698
39736
39739
39745
39793
39806
39819
39830
39868
39871
39877
39925
39938
39951
39962
40000
40003
40009
40057
40070
40083
40094
40132
40135
40141
40189
40202
40215
40226
40264
40273
40278
40290
40325
40331
40340
40343
40349
40355
40364
40369
40381
40416
40422
40431
40434
40440
40446
40455
40460
40472
40507
40513
40522
40525
40531
40537
40546
40551
40563
40598
40604
40613
40616
40622
40628
40637
40642
40654
40689
40695
40704
40707
40713
40719
40728
40733
40745
40780
40786
40795
40798
40804
40810
40819
40824
40836
40871
40877
40886
40889
40895
40901
40910
40915
40927
40962
40968
40977
40980
40996
40999
41005
41053
41066
41079
41090
41128
41131
41137
41185
41198
41211
41222
41260
41263
41269
41317
41330
41343
41354
41392
41395
41401
41449
41462
41475
41486
41524
41527
41533
41581
41594
41607
41618
41656
41659
41665
41713
41726
41739
41750
41788
41791
41797
41845
41858
41871
41882
41920
41923
41929
41977
41990
42003
42014
42052
42061
42066
42078
42113
42119
42128
42131
42137
42143
42152
42157
42169
42204
42210
42219
42222
42228
42234
42243
42248
42260
42295
42301
42310
42313
42319
42325
42334
42339
42351
42386
42392
42401
42404
42410
42416
42425
42430
42442
42477
42483
42492
42495
42501
42507
42516
42521
42533
42568
42574
42583
42586
42592
42598
42607
42612
42624
42659
42665
42674
42677
42683
42689
42698
42703
42715
42750
42756
42765
42768
42784
42787
42793
42841
42854
42867
42878
42916
42919
42925
42973
42986
42999
43010
43048
43051
43057
43105
43118
43131
43142
43180
43183
43189
43237
43250
43263
43274
43312
43315
43321
43369
43382
43395
43406
43444
43447
43453
43501
43514
43527
43538
43576
43579
43585
43633
43646
43659
43670
43708
43711
43717
43765
43778
43791
43802
43840
43849
43854
43866
43901
43907
43916
43919
43925
43931
43940
43945
43957
43992
43998
44007
44010
44016
44022
44031
44036
44048
44083
44089
44098
44101
44107
44113
44122
44127
44139
44174
44180
44189
44192
44198
44204
44213
44218
44230
44265
44271
44280
44283
44289
44295
44304
44309
44321
44356
44362
44371
44374
44380
44386
44395
44400
44412
44447
44453
44462
44465
44471
44477
44486
44491
44503
44538
44544
44553
44556
44572
44575
44581
44629
44642
44655
44666
44704
44707
44713
44761
44774
44787
44798
44836
44839
44845
44893
44906
44919
44930
44968
44971
44977
45025
45038
45051
45062
45100
45103
45109
45157
45170
45183
45194
45232
45235
45241
45289
45302
45315
45326
45364
45367
45373
45421
45434
45447
45458
45496
45499
45505
45553
45566
45579
45590
45628
45637
45642
45654
45689
45695
45704
45707
45713
45719
45728
45733
45745
45780
45786
45795
45798
45804
45810
45819
45824
45836
45871
45877
45886
45889
45895
45901
45910
45915
45927
45962
45968
45977
45980
45986
45992
46001
46006
46018
46053
46059
46068
46071
46077
46083
46092
46097
46109
46144
46150
46159
46162
46168
46174
46183
46188
46200
46235
46241
46250
46253
46259
46265
46274
46279
46291
46326
46332
46341
46344
46360
46363
46369
46417
46430
46443
46454
46492
46495
46501
46549
46562
46575
46586
46624
46627
46633
46681
46694
46707
46718
46756
46759
46765
46813
46826
46839
46850
46888
46891
46897
46945
46958
46971
46982
47020
47023
47029
47077
47090
47103
47114
47152
47155
47161
47209
47222
47235
47246
47284
47287
47293
47341
47354
47367
47378
47416
47425
47430
47442
47477
47483
47492
47495
47501
47507
47516
47521
47533
47568
47574
47583
47586
47592
47598
47607
47612
47624
47659
47665
47674
47677
47683
47689
47698
47703
47715
47750
47756
47765
47768
47774
47780
47789
47794
47806
47841
47847
47856
47859
47865
47871
47880
47885
47897
47932
47938
47947
47950
47956
47962
47971
47976
47988
48023
48029
48038
48041
48047
48053
48062
48067
48079
48114
48120
48129
48132
48148
48151
48157
48205
48218
48231
48242
48280
48283
48289
48337
48350
48363
48374
48412
48415
48421
48469
48482
48495
48506
48544
48547
48553
48601
48614
48627
48638
48676
48679
48685
48733
48746
48759
48770
48808
48811
48817
48865
48878
48891
48902
48940
48943
48949
48997
49010
49023
49034
49072
49075
49081
49129
49142
49155
49166
49204
49213
49218
49230
49265
49271
49280
49283
49289
49295
49304
49309
49321
49356
49362
49371
49374
49380
49386
49395
49400
49412
49447
49453
49462
49465
49471
49477
49486
49491
49503
49538
49544
49553
49556
49562
49568
49577
49582
49594
49629
49635
49644
49647
49653
49659
49668
49673
49685
49720
49726
49735
49738
49744
49750
49759
49764
49776
49811
49817
49826
49829
49835
49841
49850
49855
49867
49902
49908
49917
49920
49936
49939
49945
49993
50006
50019
50030
50068
50071
50077
50125
50138
50151
50162
50200
50203
50209
50257
50270
50283
50294
50332
50335
50341
50389
50402
50415
50426
50464
50467
50473
50521
50534
50547
50558
50596
50599
50605
50653
50666
50679
50690
50728
50731
50737
50785
50798
50811
50822
50860
50863
50869
50917
50930
50943
50954
50992
51001
51006
51018
51053
51059
51068
51071
51077
51083
51092
51097
51109
51144
51150
51159
51162
51168
51174
51183
51188
51200
51235
51241
51250
51253
51259
51265
51274
51279
51291
51326
51332
51341
51344
51350
51356
51365
51370
51382
51417
51423
51432
51435
51441
51447
51456
51461
51473
51508
51514
51523
51526
51532
51538
51547
51552
51564
51599
51605
51614
51617
51623
51629
51638
51643
51655
51690
51696
51705
51708
51724
51727
51733
51781
51794
51807
51818
51856
51859
51865
51913
51926
51939
51950
51988
51991
51997
52045
52058
52071
52082
52120
52123
52129
52177
52190
52203
52214
52252
52255
52261
52309
52322
52335
52346
52384
52387
52393
52441
52454
52467
52478
52516
52519
52525
52573
52586
52599
52610
52648
52651
52657
52705
52718
52731
52742
52780
52789
52794
52806
52841
52847
52856
52859
52865
52871
52880
52885
52897
52932
52938
52947
52950
52956
52962
52971
52976
52988
53023
53029
53038
53041
53047
53053
53062
53067
53079
53114
53120
53129
53132
53138
53144
53153
53158
53170
53205
53211
53220
53223
53229
53235
53244
53249
53261
53296
53302
53311
53314
53320
53326
53335
53340
53352
53387
53393
53402
53405
53411
53417
53426
53431
53443
53478
53484
53493
53496
53512
53515
53521
53569
53582
53595
53606
53644
53647
53653
53701
53714
53727
53738
53776
53779
53785
53833
53846
53859
53870
53908
53911
53917
53965
53978
53991
54002
54040
54043
54049
54097
54110
54123
54134
54172
54175
54181
54229
54242
54255
54266
54304
54307
54313
54361
54374
54387
54398
54436
54439
54445
54493
54506
54519
54530
54568
54577
54582
54594
54629
54635
54644
54647
54653
54659
54668
54673
54685
54720
54726
54735
54738
54744
54750
54759
54764
54776
54811
54817
54826
54829
54835
54841
54850
54855
54867
54902
54908
54917
54920
54926
54932
54941
54946
54958
54993
54999
55008
55011
55017
55023
55032
55037
55049
55084
55090
55099
55102
55108
55114
55123
55128
55140
55175
55181
55190
55193
55199
55205
55214
55219
55231
55266
55272
55281
55284
55300
55303
55309
55357
55370
55383
55394
55432
55435
55441
55489
55502
55515
55526
55564
55567
55573
55621
55634
55647
55658
55696
55699
55705
55753
55766
55779
55790
55828
55831
55837
55885
55898
55911
55922
55960
55963
55969
56017
56030
56043
56054
56092
56095
56101
56149
56162
56175
56186
56224
56227
56233
56281
56294
56307
56318
56358
56361
56367
56415
56428
56441
56452
56490
56493
56499
56547
56560
56573
56584
56622
56625
56631
56679
56692
56705
56716
56754
56757
56763
56811
56824
56837
56848
56886
56889
56895
56943
56956
56969
56980
57018
57021
57027
57075
57088
57101
57112
57150
57153
57159
57207
57220
57233
57244
57282
57285
57291
57339
57352
57365
57376
57702
57711
57716
57728
57763
57769
57778
57781
57787
57793
57802
57807
57819
57854
57860
57869
57872
57878
57884
57893
57898
57910
57945
57951
57960
57963
57969
57975
57984
57989
58001
58036
58042
58051
58054
58060
58066
58075
58080
58092
58127
58133
58142
58145
58151
58157
58166
58171
58183
58218
58224
58233
58236
58242
58248
58257
58262
58274
58309
58315
58324
58327
58333
58339
58348
58353
58365
58400
58406
58415
58418
58432
58441
58446
58458
58493
58499
58508
58511
58517
58523
58532
58537
58549
58584
58590
58599
58602
58608
58614
58623
58628
58640
58675
58681
58690
58693
58699
58705
58714
58719
58731
58766
58772
58781
58784
58790
58796
58805
58810
58822
58857
58863
58872
58875
58881
58887
58896
58901
58913
58948
58954
58963
58966
58972
58978
58987
58992
59004
59039
59045
59054
59057
59063
59069
59078
59083
59095
59130
59136
59145
59148
59164
59167
59173
59221
59234
59247
59258
59296
59299
59305
59353
59366
59379
59390
59428
59431
59437
59485
59498
59511
59522
59560
59563
59569
59617
59630
59643
59654
59692
59695
59701
59749
59762
59775
59786
59824
59827
59833
59881
59894
59907
59918
59956
59959
59965
60013
60026
60039
60050
60088
60091
60097
60145
60158
60171
60182
60220
60229
60234
60246
60281
60287
60296
60299
60305
60311
60320
60325
60337
60372
60378
60387
60390
60396
60402
60411
60416
60428
60463
60469
60478
60481
60487
60493
60502
60507
60519
60554
60560
60569
60572
60578
60584
60593
60598
60610
60645
60651
60660
60663
60669
60675
60684
60689
60701
60736
60742
60751
60754
60760
60766
60775
60780
60792
60827
60833
60842
60845
60851
60857
60866
60871
60883
60918
60924
60933
60936
60952
60955
60961
61009
61022
61035
61046
61084
61087
61093
61141
61154
61167
61178
61216
61219
61225
61273
61286
61299
61310
61348
61351
61357
61405
61418
61431
61442
61480
61483
61489
61537
61550
61563
61574
61612
61615
61621
61669
61682
61695
61706
61744
61747
61753
61801
61814
61827
61838
61876
61879
61885
61933
61946
61959
61970
62008
62017
62022
62034
62069
62075
62084
62087
62093
62099
62108
62113
62125
62160
62166
62175
62178
62184
62190
62199
62204
62216
62251
62257
62266
62269
62275
62281
62290
62295
62307
62342
62348
62357
62360
62366
62372
62381
62386
62398
62433
62439
62448
62451
62457
62463
62472
62477
62489
62524
62530
62539
62542
62548
62554
62563
62568
62580
62615
62621
62630
62633
62639
62645
62654
62659
62671
62706
62712
62721
62724
62740
62743
62749
62797
62810
62823
62834
62872
62875
62881
62929
62942
62955
62966
63004
63007
63013
63061
63074
63087
63098
63136
63139
63145
63193
63206
63219
63230
63268
63271
63277
63325
63338
63351
63362
63400
63403
63409
63457
63470
63483
63494
63532
63535
63541
63589
63602
63615
63626
63664
63667
63673
63721
63734
63747
63758
63796
63805
63810
63822
63857
63863
63872
63875
63881
63887
63896
63901
63913
63948
63954
63963
63966
63972
63978
63987
63992
64004
64039
64045
64054
64057
64063
64069
64078
64083
64095
64130
64136
64145
64148
64154
64160
64169
64174
64186
64221
64227
64236
64239
64245
64251
64260
64265
64277
64312
64318
64327
64330
64336
64342
64351
64356
64368
64403
64409
64418
64421
64427
64433
64442
64447
64459
64494
64500
64509
64512
64528
64531
64537
64585
64598
64611
64622
64660
64663
64669
64717
64730
64743
64754
64792
64795
64801
64849
64862
64875
64886
64924
64927
64933
64981
64994
65007
65018
65056
65059
65065
65113
65126
65139
65150
65188
65191
65197
65245
65258
65271
65282
65320
65323
65329
65377
65390
65403
65414
65452
65455
65461
65509
65522
65535
65546
65584
65593
65598
65610
65645
65651
65660
65663
65669
65675
65684
65689
65701
65736
65742
65751
65754
65760
65766
65775
65780
65792
65827
65833
65842
65845
65851
65857
65866
65871
65883
65918
65924
65933
65936
65942
65948
65957
65962
65974
66009
66015
66024
66027
66033
66039
66048
66053
66065
66100
66106
66115
66118
66124
66130
66139
66144
66156
66191
66197
66206
66209
66215
66221
66230
66235
66247
66282
66288
66297
66300
66316
66319
66325
66373
66386
66399
66410
66448
66451
66457
66505
66518
66531
66542
66580
66583
66589
66637
66650
66663
66674
66712
66715
66721
66769
66782
66795
66806
66844
66847
66853
66901
66914
66927
66938
66976
66979
66985
67033
67046
67059
67070
67108
67111
67117
67165
67178
67191
67202
67240
67243
67249
67297
67310
67323
67334
67372
67381
67386
67398
67433
67439
67448
67451
67457
67463
67472
67477
67489
67524
67530
67539
67542
67548
67554
67563
67568
67580
67615
67621
67630
67633
67639
67645
67654
67659
67671
67706
67712
67721
67724
67730
67736
67745
67750
67762
67797
67803
67812
67815
67821
67827
67836
67841
67853
67888
67894
67903
67906
67912
67918
67927
67932
67944
67979
67985
67994
67997
68003
68009
68018
68023
68035
68070
68076
68085
68088
68104
68107
68113
68161
68174
68187
68198
68236
68239
68245
68293
68306
68319
68330
68368
68371
68377
68425
68438
68451
68462
68500
68503
68509
68557
68570
68583
68594
68632
68635
68641
68689
68702
68715
68726
68764
68767
68773
68821
68834
68847
68858
68896
68899
68905
68953
68966
68979
68990
69028
69031
69037
69085
69098
69111
69122
69160
69169
69174
69186
69221
69227
69236
69239
69245
69251
69260
69265
69277
69312
69318
69327
69330
69336
69342
69351
69356
69368
69403
69409
69418
69421
69427
69433
69442
69447
69459
69494
69500
69509
69512
69518
69524
69533
69538
69550
69585
69591
69600
69603
69609
69615
69624
69629
69641
69676
69682
69691
69694
69700
69706
69715
69720
69732
69767
69773
69782
69785
69791
69797
69806
69811
69823
69858
69864
69873
69876
69892
69895
69901
69949
69962
69975
69986
70024
70027
70033
70081
70094
70107
70118
70156
70159
70165
70213
70226
70239
70250
70288
70291
70297
70345
70358
70371
70382
70420
70423
70429
70477
70490
70503
70514
70552
70555
70561
70609
70622
70635
70646
70684
70687
70693
70741
70754
70767
70778
70816
70819
70825
70873
70886
70899
70910
70948
70957
70962
70974
71009
71015
71024
71027
71033
71039
71048
71053
71065
71100
71106
71115
71118
71124
71130
71139
71144
71156
71191
71197
71206
71209
71215
71221
71230
71235
71247
71282
71288
71297
71300
71306
71312
71321
71326
71338
71373
71379
71388
71391
71397
71403
71412
71417
71429
71464
71470
71479
71482
71488
71494
71503
71508
71520
71555
71561
71570
71573
71579
71585
71594
71599
71611
71646
71652
71661
71664
71680
71683
71689
71737
71750
71763
71774
71812
71815
71821
71869
71882
71895
71906
71944
71947
71953
72001
72014
72027
72038
72076
72079
72085
72133
72146
72159
72170
72208
72211
72217
72265
72278
72291
72302
72340
72343
72349
72397
72410
72423
72434
72472
72475
72481
72529
72542
72555
72566
72604
72607
72613
72661
72674
72687
72698
72736
72745
72750
72762
72797
72803
72812
72815
72821
72827
72836
72841
72853
72888
72894
72903
72906
72912
72918
72927
72932
72944
72979
72985
72994
72997
73003
73009
73018
73023
73035
73070
73076
73085
73088
73094
73100
73109
73114
73126
73161
73167
73176
73179
73185
73191
73200
73205
73217
73252
73258
73267
73270
73276
73282
73291
73296
73308
73343
73349
73358
73361
73367
73373
73382
73387
73399
73434
73440
73449
73452
73468
73471
73477
73525
73538
73551
73562
73600
73603
73609
73657
73670
73683
73694
73732
73735
73741
73789
73802
73815
73826
73864
73867
73873
73921
73934
73947
73958
73996
73999
74005
74053
74066
74079
74090
74128
74131
74137
74185
74198
74211
74222
74260
74263
74269
74317
74330
74343
74354
74392
74395
74401
74449
74462
74475
74486
74524
74533
74538
74550
74585
74591
74600
74603
74609
74615
74624
74629
74641
74676
74682
74691
74694
74700
74706
74715
74720
74732
74767
74773
74782
74785
74791
74797
74806
74811
74823
74858
74864
74873
74876
74882
74888
74897
74902
74914
74949
74955
74964
74967
74973
74979
74988
74993
75005
75040
75046
75055
75058
75064
75070
75079
75084
75096
75131
75137
75146
75149
75155
75161
75170
75175
75187
75222
75228
75237
75240
75256
75259
75265
75313
75326
75339
75350
75388
75391
75397
75445
75458
75471
75482
75520
75523
75529
75577
75590
75603
75614
75652
75655
75661
75709
75722
75735
75746
75784
75787
75793
75841
75854
75867
75878
75916
75919
75925
75973
75986
75999
76010
76048
76051
76057
76105
76118
76131
76142
76180
76183
76189
76237
76250
76263
76274
76312
76321
76326
76338
76373
76379
76388
76391
76397
76403
76412
76417
76429
76464
76470
76479
76482
76488
76494
76503
76508
76520
76555
76561
76570
76573
76579
76585
76594
76599
76611
76646
76652
76661
76664
76670
76676
76685
76690
76702
76737
76743
76752
76755
76761
76767
76776
76781
76793
76828
76834
76843
76846
76852
76858
76867
76872
76884
76919
76925
76934
76937
76943
76949
76958
76963
76975
77010
77016
77025
77028
77044
77047
77053
77101
77114
77127
77138
77176
77179
77185
77233
77246
77259
77270
77308
77311
77317
77365
77378
77391
77402
77440
77443
77449
77497
77510
77523
77534
77572
77575
77581
77629
77642
77655
77666
77704
77707
77713
77761
77774
77787
77798
77836
77839
77845
77893
77906
77919
77930
77968
77971
77977
78025
78038
78051
78062
78100
78109
78114
78126
78161
78167
78176
78179
78185
78191
78200
78205
78217
78252
78258
78267
78270
78276
78282
78291
78296
78308
78343
78349
78358
78361
78367
78373
78382
78387
78399
78434
78440
78449
78452
78458
78464
78473
78478
78490
78525
78531
78540
78543
78549
78555
78564
78569
78581
78616
78622
78631
78634
78640
78646
78655
78660
78672
78707
78713
78722
78725
78731
78737
78746
78751
78763
78798
78804
78813
78816
78832
78835
78841
78889
78902
78915
78926
78964
78967
78973
79021
79034
79047
79058
79096
79099
79105
79153
79166
79179
79190
79228
79231
79237
79285
79298
79311
79322
79360
79363
79369
79417
79430
79443
79454
79492
79495
79501
79549
79562
79575
79586
79624
79627
79633
79681
79694
79707
79718
79756
79759
79765
79813
79826
79839
79850
79888
79897
79902
79914
79949
79955
79964
79967
79973
79979
79988
79993
80005
80040
80046
80055
80058
80064
80070
80079
80084
80096
80131
80137
80146
80149
80155
80161
80170
80175
80187
80222
80228
80237
80240
80246
80252
80261
80266
80278
80313
80319
80328
80331
80337
80343
80352
80357
80369
80404
80410
80419
80422
80428
80434
80443
80448
80460
80495
80501
80510
80513
80519
80525
80534
80539
80551
80586
80592
80601
80604
80620
80623
80629
80677
80690
80703
80714
80752
80755
80761
80809
80822
80835
80846
80884
80887
80893
80941
80954
80967
80978
81016
81019
81025
81073
81086
81099
81110
81148
81151
81157
81205
81218
81231
81242
81280
81283
81289
81337
81350
81363
81374
81412
81415
81421
81469
81482
81495
81506
81544
81547
81553
81601
81614
81627
81638
81676
81685
81690
81702
81737
81743
81752
81755
81761
81767
81776
81781
81793
81828
81834
81843
81846
81852
81858
81867
81872
81884
81919
81925
81934
81937
81943
81949
81958
81963
81975
82010
82016
82025
82028
82034
82040
82049
82054
82066
82101
82107
82116
82119
82125
82131
82140
82145
82157
82192
82198
82207
82210
82216
82222
82231
82236
82248
82283
82289
82298
82301
82307
82313
82322
82327
82339
82374
82380
82389
82392
82408
82411
82417
82465
82478
82491
82502
82540
82543
82549
82597
82610
82623
82634
82672
82675
82681
82729
82742
82755
82766
82804
82807
82813
82861
82874
82887
82898
82936
82939
82945
82993
83006
83019
83030
83068
83071
83077
83125
83138
83151
83162
83200
83203
83209
83257
83270
83283
83294
83332
83335
