62352
62354
62356
62358
62360
62362
62364
62366
62368
62370
62372
62374
62376
62378
62380
62382
62384
62386
62388
62390
62392
62394
62396
62398
62400
62402
62404
62406
62408
62410
62412
62414
62416
62418
62420
62422
62424
62426
62428
62430
62432
62434
62436
62438
62440
62442
62444
62446
62448
62450
124404
124406
124408
124410
124412
124414
124416
124418
124420
124422
124424
124426
124428
124430
124432
124434
124436
124438
124440
124442
124444
124446
124448
124450
124452
124454
124456
124458
124460
124462
124464
124466
124468
124470
124472
124474
124476
124478
124480
124482
124484
124486
124488
124490
124492
124494
124496
124498
124500
124502
1
3
5
7
9
11
13
15
17
19
21
23
25
27
29
31
33
35
37
39
41
43
45
47
49
51
53
55
57
59
61
63
65
67
69
71
73
75
77
79
81
83
85
87
89
91
93
95
97
99
962
2898
4834
6770
8706
10642
12578
14514
16450
18386
20322
22258
24194
26130
28066
30002
31938
33874
35810
37746
39682
41618
43554
45490
47426
49362
51298
53234
55170
57106
59042
60978
63214
65150
67086
69022
70958
72894
74830
76766
78702
80638
82574
84510
86446
88382
90318
92254
94190
96126
98062
99998
101934
103870
105806
107742
109678
111614
113550
115486
117422
119358
121294
123230
125266
126065
126864
127663
128462
129261
130060
130859
131658
132457
133256
134055
134854
135653
136452
137251
138050
138849
139648
140447
141246
142045
142844
143643
144442
145241
146040
146839
147638
148437
149236
150035
150870
151669
152468
153267
154066
154865
155664
156463
157262
158061
158860
159659
160458
161257
162056
162855
163654
164453
165252
166051
166850
167649
168448
169247
170046
170845
171644
172443
173242
174041
174840
175639
201
270
294
363
387
456
480
549
573
642
666
735
759
828
852
921
945
971
1027
1108
1196
1242
1330
1376
1464
1510
1598
1644
1732
1778
1866
1912
2000
2046
2137
2206
2230
2299
2323
2392
2416
2485
2509
2578
2602
2671
2695
2764
2788
2857
2881
2907
2963
3044
3132
3178
3266
3312
3400
3446
3534
3580
3668
3714
3802
3848
3936
3982
4073
4142
4166
4235
4259
4328
4352
4421
4445
4514
4538
4607
4631
4700
4724
4793
4817
4843
4899
4980
5068
5114
5202
5248
5336
5382
5470
5516
5604
5650
5738
5784
5872
5918
6009
6078
6102
6171
6195
6264
6288
6357
6381
6450
6474
6543
6567
6636
6660
6729
6753
6779
6835
6916
7004
7050
7138
7184
7272
7318
7406
7452
7540
7586
7674
7720
7808
7854
7945
8014
8038
8107
8131
8200
8224
8293
8317
8386
8410
8479
8503
8572
8596
8665
8689
8715
8771
8852
8940
8986
9074
9120
9208
9254
9342
9388
9476
9522
9610
9656
9744
9790
9881
9950
9974
10043
10067
10136
10160
10229
10253
10322
10346
10415
10439
10508
10532
10601
10625
10651
10707
10788
10876
10922
11010
11056
11144
11190
11278
11324
11412
11458
11546
11592
11680
11726
11817
11886
11910
11979
12003
12072
12096
12165
12189
12258
12282
12351
12375
12444
12468
12537
12561
12587
12643
12724
12812
12858
12946
12992
13080
13126
13214
13260
13348
13394
13482
13528
13616
13662
13753
13822
13846
13915
13939
14008
14032
14101
14125
14194
14218
14287
14311
14380
14404
14473
14497
14523
14579
14660
14748
14794
14882
14928
15016
15062
15150
15196
15284
15330
15418
15464
15552
15598
15689
15758
15782
15851
15875
15944
15968
16037
16061
16130
16154
16223
16247
16316
16340
16409
16433
16459
16515
16596
16684
16730
16818
16864
16952
16998
17086
17132
17220
17266
17354
17400
17488
17534
17625
17694
17718
17787
17811
17880
17904
17973
17997
18066
18090
18159
18183
18252
18276
18345
18369
18395
18451
18532
18620
18666
18754
18800
18888
18934
19022
19068
19156
19202
19290
19336
19424
19470
19561
19630
19654
19723
19747
19816
19840
19909
19933
20002
20026
20095
20119
20188
20212
20281
20305
20331
20387
20468
20556
20602
20690
20736
20824
20870
20958
21004
21092
21138
21226
21272
21360
21406
21497
21566
21590
21659
21683
21752
21776
21845
21869
21938
21962
22031
22055
22124
22148
22217
22241
22267
22323
22404
22492
22538
22626
22672
22760
22806
22894
22940
23028
23074
23162
23208
23296
23342
23433
23502
23526
23595
23619
23688
23712
23781
23805
23874
23898
23967
23991
24060
24084
24153
24177
24203
24259
24340
24428
24474
24562
24608
24696
24742
24830
24876
24964
25010
25098
25144
25232
25278
25369
25438
25462
25531
25555
25624
25648
25717
25741
25810
25834
25903
25927
25996
26020
26089
26113
26139
26195
26276
26364
26410
26498
26544
26632
26678
26766
26812
26900
26946
27034
27080
27168
27214
27305
27374
27398
27467
27491
27560
27584
27653
27677
27746
27770
27839
27863
27932
27956
28025
28049
28075
28131
28212
28300
28346
28434
28480
28568
28614
28702
28748
28836
28882
28970
29016
29104
29150
29241
29310
29334
29403
29427
29496
29520
29589
29613
29682
29706
29775
29799
29868
29892
29961
29985
30011
30067
30148
30236
30282
30370
30416
30504
30550
30638
30684
30772
30818
30906
30952
31040
31086
31177
31246
31270
31339
31363
31432
31456
31525
31549
31618
31642
31711
31735
31804
31828
31897
31921
31947
32003
32084
32172
32218
32306
32352
32440
32486
32574
32620
32708
32754
32842
32888
32976
33022
33113
33182
33206
33275
33299
33368
33392
33461
33485
33554
33578
33647
33671
33740
33764
33833
33857
33883
33939
34020
34108
34154
34242
34288
34376
34422
34510
34556
34644
34690
34778
34824
34912
34958
35049
35118
35142
35211
35235
35304
35328
35397
35421
35490
35514
35583
35607
35676
35700
35769
35793
35819
35875
35956
36044
36090
36178
36224
36312
36358
36446
36492
36580
36626
36714
36760
36848
36894
36985
37054
37078
37147
37171
37240
37264
37333
37357
37426
37450
37519
37543
37612
37636
37705
37729
37755
37811
37892
37980
38026
38114
38160
38248
38294
38382
38428
38516
38562
38650
38696
38784
38830
38921
38990
39014
39083
39107
39176
39200
39269
39293
39362
39386
39455
39479
39548
39572
39641
39665
39691
39747
39828
39916
39962
40050
40096
40184
40230
40318
40364
40452
40498
40586
40632
40720
40766
40857
40926
40950
41019
41043
41112
41136
41205
41229
41298
41322
41391
41415
41484
41508
41577
41601
41627
41683
41764
41852
41898
41986
42032
42120
42166
42254
42300
42388
42434
42522
42568
42656
42702
42793
42862
42886
42955
42979
43048
43072
43141
43165
43234
43258
43327
43351
43420
43444
43513
43537
43563
43619
43700
43788
43834
43922
43968
44056
44102
44190
44236
44324
44370
44458
44504
44592
44638
44729
44798
44822
44891
44915
44984
45008
45077
45101
45170
45194
45263
45287
45356
45380
45449
45473
45499
45555
45636
45724
45770
45858
45904
45992
46038
46126
46172
46260
46306
46394
46440
46528
46574
46665
46734
46758
46827
46851
46920
46944
47013
47037
47106
47130
47199
47223
47292
47316
47385
47409
47435
47491
47572
47660
47706
47794
47840
47928
47974
48062
48108
48196
48242
48330
48376
48464
48510
48601
48670
48694
48763
48787
48856
48880
48949
48973
49042
49066
49135
49159
49228
49252
49321
49345
49371
49427
49508
49596
49642
49730
49776
49864
49910
49998
50044
50132
50178
50266
50312
50400
50446
50537
50606
50630
50699
50723
50792
50816
50885
50909
50978
51002
51071
51095
51164
51188
51257
51281
51307
51363
51444
51532
51578
51666
51712
51800
51846
51934
51980
52068
52114
52202
52248
52336
52382
52473
52542
52566
52635
52659
52728
52752
52821
52845
52914
52938
53007
53031
53100
53124
53193
53217
53243
53299
53380
53468
53514
53602
53648
53736
53782
53870
53916
54004
54050
54138
54184
54272
54318
54409
54478
54502
54571
54595
54664
54688
54757
54781
54850
54874
54943
54967
55036
55060
55129
55153
55179
55235
55316
55404
55450
55538
55584
55672
55718
55806
55852
55940
55986
56074
56120
56208
56254
56345
56414
56438
56507
56531
56600
56624
56693
56717
56786
56810
56879
56903
56972
56996
57065
57089
57115
57171
57252
57340
57386
57474
57520
57608
57654
57742
57788
57876
57922
58010
58056
58144
58190
58281
58350
58374
58443
58467
58536
58560
58629
58653
58722
58746
58815
58839
58908
58932
59001
59025
59051
59107
59188
59276
59322
59410
59456
59544
59590
59678
59724
59812
59858
59946
59992
60080
60126
60217
60286
60310
60379
60403
60472
60496
60565
60589
60658
60682
60751
60775
60844
60868
60937
60961
60987
61043
61124
61212
61258
61346
61392
61480
61526
61614
61660
61748
61794
61882
61928
62016
62062
62453
62522
62546
62615
62639
62708
62732
62801
62825
62894
62918
62987
63011
63080
63104
63173
63197
63223
63279
63360
63448
63494
63582
63628
63716
63762
63850
63896
63984
64030
64118
64164
64252
64298
64389
64458
64482
64551
64575
64644
64668
64737
64761
64830
64854
64923
64947
65016
65040
65109
65133
65159
65215
65296
65384
65430
65518
65564
65652
65698
65786
65832
65920
65966
66054
66100
66188
66234
66325
66394
66418
66487
66511
66580
66604
66673
66697
66766
66790
66859
66883
66952
66976
67045
67069
67095
67151
67232
67320
67366
67454
67500
67588
67634
67722
67768
67856
67902
67990
68036
68124
68170
68261
68330
68354
68423
68447
68516
68540
68609
68633
68702
68726
68795
68819
68888
68912
68981
69005
69031
69087
69168
69256
69302
69390
69436
69524
69570
69658
69704
69792
69838
69926
69972
70060
70106
70197
70266
70290
70359
70383
70452
70476
70545
70569
70638
70662
70731
70755
70824
70848
70917
70941
70967
71023
71104
71192
71238
71326
71372
71460
71506
71594
71640
71728
71774
71862
71908
71996
72042
72133
72202
72226
72295
72319
72388
72412
72481
72505
72574
72598
72667
72691
72760
72784
72853
72877
72903
72959
73040
73128
73174
73262
73308
73396
73442
73530
73576
73664
73710
73798
73844
73932
73978
74069
74138
74162
74231
74255
74324
74348
74417
74441
74510
74534
74603
74627
74696
74720
74789
74813
74839
74895
74976
75064
75110
75198
75244
75332
75378
75466
75512
75600
75646
75734
75780
75868
75914
76005
76074
76098
76167
76191
76260
76284
76353
76377
76446
76470
76539
76563
76632
76656
76725
76749
76775
76831
76912
77000
77046
77134
77180
77268
77314
77402
77448
77536
77582
77670
77716
77804
77850
77941
78010
78034
78103
78127
78196
78220
78289
78313
78382
78406
78475
78499
78568
78592
78661
78685
78711
78767
78848
78936
78982
79070
79116
79204
79250
79338
79384
79472
79518
79606
79652
79740
79786
79877
79946
79970
80039
80063
80132
80156
80225
80249
80318
80342
80411
80435
80504
80528
80597
80621
80647
80703
80784
80872
80918
81006
81052
81140
81186
81274
81320
81408
81454
81542
81588
81676
81722
81813
81882
81906
81975
81999
82068
82092
82161
82185
82254
82278
82347
82371
82440
82464
82533
82557
82583
82639
82720
82808
82854
82942
82988
83076
83122
83210
83256
83344
83390
83478
83524
83612
83658
83749
83818
83842
83911
83935
84004
84028
84097
84121
84190
84214
84283
84307
84376
84400
84469
84493
84519
84575
84656
84744
84790
84878
84924
85012
85058
85146
85192
85280
85326
85414
85460
85548
85594
85685
85754
85778
85847
85871
85940
85964
86033
86057
86126
86150
86219
86243
86312
86336
86405
86429
86455
86511
86592
86680
86726
86814
86860
86948
86994
87082
87128
87216
87262
87350
87396
87484
87530
87621
87690
87714
87783
87807
87876
87900
87969
87993
88062
88086
88155
88179
88248
88272
88341
88365
88391
88447
88528
88616
88662
88750
88796
88884
88930
89018
89064
89152
89198
89286
89332
89420
89466
89557
89626
89650
89719
89743
89812
89836
89905
89929
89998
90022
90091
90115
90184
90208
90277
90301
90327
90383
90464
90552
90598
90686
90732
90820
90866
90954
91000
91088
91134
91222
91268
91356
91402
91493
91562
91586
91655
91679
91748
91772
91841
91865
91934
91958
92027
92051
92120
92144
92213
92237
92263
92319
92400
92488
92534
92622
92668
92756
92802
92890
92936
93024
93070
93158
93204
93292
93338
93429
93498
93522
93591
93615
93684
93708
93777
93801
93870
93894
93963
93987
94056
94080
94149
94173
94199
94255
94336
94424
94470
94558
94604
94692
94738
94826
94872
94960
95006
95094
95140
95228
95274
95365
95434
95458
95527
95551
95620
95644
95713
95737
95806
95830
95899
95923
95992
96016
96085
96109
96135
96191
96272
96360
96406
96494
96540
96628
96674
96762
96808
96896
96942
97030
97076
97164
97210
97301
97370
97394
97463
97487
97556
97580
97649
97673
97742
97766
97835
97859
97928
97952
98021
98045
98071
98127
98208
98296
98342
98430
98476
98564
98610
98698
98744
98832
98878
98966
99012
99100
99146
99237
99306
99330
99399
99423
99492
99516
99585
99609
99678
99702
99771
99795
99864
99888
99957
99981
100007
100063
100144
100232
100278
100366
100412
100500
100546
100634
100680
100768
100814
100902
100948
101036
101082
101173
101242
101266
101335
101359
101428
101452
101521
101545
101614
101638
101707
101731
101800
101824
101893
101917
101943
101999
102080
102168
102214
102302
102348
102436
102482
102570
102616
102704
102750
102838
102884
102972
103018
103109
103178
103202
103271
103295
103364
103388
103457
103481
103550
103574
103643
103667
103736
103760
103829
103853
103879
103935
104016
104104
104150
104238
104284
104372
104418
104506
104552
104640
104686
104774
104820
104908
104954
105045
105114
105138
105207
105231
105300
105324
105393
105417
105486
105510
105579
105603
105672
105696
105765
105789
105815
105871
105952
106040
106086
106174
106220
106308
106354
106442
106488
106576
106622
106710
106756
106844
106890
106981
107050
107074
107143
107167
107236
107260
107329
107353
107422
107446
107515
107539
107608
107632
107701
107725
107751
107807
107888
107976
108022
108110
108156
108244
108290
108378
108424
108512
108558
108646
108692
108780
108826
108917
108986
109010
109079
109103
109172
109196
109265
109289
109358
109382
109451
109475
109544
109568
109637
109661
109687
109743
109824
109912
109958
110046
110092
110180
110226
110314
110360
110448
110494
110582
110628
110716
110762
110853
110922
110946
111015
111039
111108
111132
111201
111225
111294
111318
111387
111411
111480
111504
111573
111597
111623
111679
111760
111848
111894
111982
112028
112116
112162
112250
112296
112384
112430
112518
112564
112652
112698
112789
112858
112882
112951
112975
113044
113068
113137
113161
113230
113254
113323
113347
113416
113440
113509
113533
113559
113615
113696
113784
113830
113918
113964
114052
114098
114186
114232
114320
114366
114454
114500
114588
114634
114725
114794
114818
114887
114911
114980
115004
115073
115097
115166
115190
115259
115283
115352
115376
115445
115469
115495
115551
115632
115720
115766
115854
115900
115988
116034
116122
116168
116256
116302
116390
116436
116524
116570
116661
116730
116754
116823
116847
116916
116940
117009
117033
117102
117126
117195
117219
117288
117312
117381
117405
117431
117487
117568
117656
117702
117790
117836
117924
117970
118058
118104
118192
118238
118326
118372
118460
118506
118597
118666
118690
118759
118783
118852
118876
118945
118969
119038
119062
119131
119155
119224
119248
119317
119341
119367
119423
119504
119592
119638
119726
119772
119860
119906
119994
120040
120128
120174
120262
120308
120396
120442
120533
120602
120626
120695
120719
120788
120812
120881
120905
120974
120998
121067
121091
121160
121184
121253
121277
121303
121359
121440
121528
121574
121662
121708
121796
121842
121930
121976
122064
122110
122198
122244
122332
122378
122469
122538
122562
122631
122655
122724
122748
122817
122841
122910
122934
123003
123027
123096
123120
123189
123213
123239
123295
123376
123464
123510
123598
123644
123732
123778
123866
123912
124000
124046
124134
124180
124268
124314
125275
126074
126873
127672
128471
129270
130069
130868
131667
132466
133265
134064
134863
135662
136461
137260
138059
138858
139657
140456
141255
142054
142853
143652
144451
145250
146049
146848
147647
148446
149245
150044
150879
151678
152477
153276
154075
154874
155673
156472
157271
158070
158869
159668
160467
161266
162065
162864
163663
164462
165261
166060
166859
167658
168457
169256
170055
170854
171653
172452
173251
174050
174849
175648
150
151
152
153
154
155
156
157
158
159
160
161
162
163
164
165
166
167
168
169
170
171
172
173
174
175
176
177
178
179
180
181
182
183
184
185
186
187
188
189
190
191
192
193
194
195
196
197
198
199
206
215
220
232
269
275
284
287
293
299
308
313
325
362
368
377
380
386
392
401
406
418
455
461
470
473
479
485
494
499
511
548
554
563
566
572
578
587
592
604
641
647
656
659
665
671
680
685
697
734
740
749
752
758
764
773
778
790
827
833
842
845
851
857
866
871
883
920
926
935
938
950
953
958
966
979
987
1023
1032
1062
1070
1073
1079
1129
1142
1155
1166
1204
1207
1213
1263
1276
1289
1300
1338
1341
1347
1397
1410
1423
1434
1472
1475
1481
1531
1544
1557
1568
1606
1609
1615
1665
1678
1691
1702
1740
1743
1749
1799
1812
1825
1836
1874
1877
1883
1933
1946
1959
1970
2008
2011
2017
2067
2080
2093
2104
2142
2151
2156
2168
2205
2211
2220
2223
2229
2235
2244
2249
2261
2298
2304
2313
2316
2322
2328
2337
2342
2354
2391
2397
2406
2409
2415
2421
2430
2435
2447
2484
2490
2499
2502
2508
2514
2523
2528
2540
2577
2583
2592
2595
2601
2607
2616
2621
2633
2670
2676
2685
2688
2694
2700
2709
2714
2726
2763
2769
2778
2781
2787
2793
2802
2807
2819
2856
2862
2871
2874
2886
2889
2894
2902
2915
2923
2959
2968
2998
3006
3009
3015
3065
3078
3091
3102
3140
3143
3149
3199
3212
3225
3236
3274
3277
3283
3333
3346
3359
3370
3408
3411
3417
3467
3480
3493
3504
3542
3545
3551
3601
3614
3627
3638
3676
3679
3685
3735
3748
3761
3772
3810
3813
3819
3869
3882
3895
3906
3944
3947
3953
4003
4016
4029
4040
4078
4087
4092
4104
4141
4147
4156
4159
4165
4171
4180
4185
4197
4234
4240
4249
4252
4258
4264
4273
4278
4290
4327
4333
4342
4345
4351
4357
4366
4371
4383
4420
4426
4435
4438
4444
4450
4459
4464
4476
4513
4519
4528
4531
4537
4543
4552
4557
4569
4606
4612
4621
4624
4630
4636
4645
4650
4662
4699
4705
4714
4717
4723
4729
4738
4743
4755
4792
4798
4807
4810
4822
4825
4830
4838
4851
4859
4895
4904
4934
4942
4945
4951
5001
5014
5027
5038
5076
5079
5085
5135
5148
5161
5172
5210
5213
5219
5269
5282
5295
5306
5344
5347
5353
5403
5416
5429
5440
5478
5481
5487
5537
5550
5563
5574
5612
5615
5621
5671
5684
5697
5708
5746
5749
5755
5805
5818
5831
5842
5880
5883
5889
5939
5952
5965
5976
6014
6023
6028
6040
6077
6083
6092
6095
6101
6107
6116
6121
6133
6170
6176
6185
6188
6194
6200
6209
6214
6226
6263
6269
6278
6281
6287
6293
6302
6307
6319
6356
6362
6371
6374
6380
6386
6395
6400
6412
6449
6455
6464
6467
6473
6479
6488
6493
6505
6542
6548
6557
6560
6566
6572
6581
6586
6598
6635
6641
6650
6653
6659
6665
6674
6679
6691
6728
6734
6743
6746
6758
6761
6766
6774
6787
6795
6831
6840
6870
6878
6881
6887
6937
6950
6963
6974
7012
7015
7021
7071
7084
7097
7108
7146
7149
7155
7205
7218
7231
7242
7280
7283
7289
7339
7352
7365
7376
7414
7417
7423
7473
7486
7499
7510
7548
7551
7557
7607
7620
7633
7644
7682
7685
7691
7741
7754
7767
7778
7816
7819
7825
7875
7888
7901
7912
7950
7959
7964
7976
8013
8019
8028
8031
8037
8043
8052
8057
8069
8106
8112
8121
8124
8130
8136
8145
8150
8162
8199
8205
8214
8217
8223
8229
8238
8243
8255
8292
8298
8307
8310
8316
8322
8331
8336
8348
8385
8391
8400
8403
8409
8415
8424
8429
8441
8478
8484
8493
8496
8502
8508
8517
8522
8534
8571
8577
8586
8589
8595
8601
8610
8615
8627
8664
8670
8679
8682
8694
8697
8702
8710
8723
8731
8767
8776
8806
8814
8817
8823
8873
8886
8899
8910
8948
8951
8957
9007
9020
9033
9044
9082
9085
9091
9141
9154
9167
9178
9216
9219
9225
9275
9288
9301
9312
9350
9353
9359
9409
9422
9435
9446
9484
9487
9493
9543
9556
9569
9580
9618
9621
9627
9677
9690
9703
9714
9752
9755
9761
9811
9824
9837
9848
9886
9895
9900
9912
9949
9955
9964
9967
9973
9979
9988
9993
10005
10042
10048
10057
10060
10066
10072
10081
10086
10098
10135
10141
10150
10153
10159
10165
10174
10179
10191
10228
10234
10243
10246
10252
10258
10267
10272
10284
10321
10327
10336
10339
10345
10351
10360
10365
10377
10414
10420
10429
10432
10438
10444
10453
10458
10470
10507
10513
10522
10525
10531
10537
10546
10551
10563
10600
10606
10615
10618
10630
10633
10638
10646
10659
10667
10703
10712
10742
10750
10753
10759
10809
10822
10835
10846
10884
10887
10893
10943
10956
10969
10980
11018
11021
11027
11077
11090
11103
11114
11152
11155
11161
11211
11224
11237
11248
11286
11289
11295
11345
11358
11371
11382
11420
11423
11429
11479
11492
11505
11516
11554
11557
11563
11613
11626
11639
11650
11688
11691
11697
11747
11760
11773
11784
11822
11831
11836
11848
11885
11891
11900
11903
11909
11915
11924
11929
11941
11978
11984
11993
11996
12002
12008
12017
12022
12034
12071
12077
12086
12089
12095
12101
12110
12115
12127
12164
12170
12179
12182
12188
12194
12203
12208
12220
12257
12263
12272
12275
12281
12287
12296
12301
12313
12350
12356
12365
12368
12374
12380
12389
12394
12406
12443
12449
12458
12461
12467
12473
12482
12487
12499
12536
12542
12551
12554
12566
12569
12574
12582
12595
12603
12639
12648
12678
12686
12689
12695
12745
12758
12771
12782
12820
12823
12829
12879
12892
12905
12916
12954
12957
12963
13013
13026
13039
13050
13088
13091
13097
13147
13160
13173
13184
13222
13225
13231
13281
13294
13307
13318
13356
13359
13365
13415
13428
13441
13452
13490
13493
13499
13549
13562
13575
13586
13624
13627
13633
13683
13696
13709
13720
13758
13767
13772
13784
13821
13827
13836
13839
13845
13851
13860
13865
13877
13914
13920
13929
13932
13938
13944
13953
13958
13970
14007
14013
14022
14025
14031
14037
14046
14051
14063
14100
14106
14115
14118
14124
14130
14139
14144
14156
14193
14199
14208
14211
14217
14223
14232
14237
14249
14286
14292
14301
14304
14310
14316
14325
14330
14342
14379
14385
14394
14397
14403
14409
14418
14423
14435
14472
14478
14487
14490
14502
14505
14510
14518
14531
14539
14575
14584
14614
14622
14625
14631
14681
14694
14707
14718
14756
14759
14765
14815
14828
14841
14852
14890
14893
14899
14949
14962
14975
14986
15024
15027
15033
15083
15096
15109
15120
15158
15161
15167
15217
15230
15243
15254
15292
15295
15301
15351
15364
15377
15388
15426
15429
15435
15485
15498
15511
15522
15560
15563
15569
15619
15632
15645
15656
15694
15703
15708
15720
15757
15763
15772
15775
15781
15787
15796
15801
15813
15850
15856
15865
15868
15874
15880
15889
15894
15906
15943
15949
15958
15961
15967
15973
15982
15987
15999
16036
16042
16051
16054
16060
16066
16075
16080
16092
16129
16135
16144
16147
16153
16159
16168
16173
16185
16222
16228
16237
16240
16246
16252
16261
16266
16278
16315
16321
16330
16333
16339
16345
16354
16359
16371
16408
16414
16423
16426
16438
16441
16446
16454
16467
16475
16511
16520
16550
16558
16561
16567
16617
16630
16643
16654
16692
16695
16701
16751
16764
16777
16788
16826
16829
16835
16885
16898
16911
16922
16960
16963
16969
17019
17032
17045
17056
17094
17097
17103
17153
17166
17179
17190
17228
17231
17237
17287
17300
17313
17324
17362
17365
17371
17421
17434
17447
17458
17496
17499
17505
17555
17568
17581
17592
17630
17639
17644
17656
17693
17699
17708
17711
17717
17723
17732
17737
17749
17786
17792
17801
17804
17810
17816
17825
17830
17842
17879
17885
17894
17897
17903
17909
17918
17923
17935
17972
17978
17987
17990
17996
18002
18011
18016
18028
18065
18071
18080
18083
18089
18095
18104
18109
18121
18158
18164
18173
18176
18182
18188
18197
18202
18214
18251
18257
18266
18269
18275
18281
18290
18295
18307
18344
18350
18359
18362
18374
18377
18382
18390
18403
18411
18447
18456
18486
18494
18497
18503
18553
18566
18579
18590
18628
18631
18637
18687
18700
18713
18724
18762
18765
18771
18821
18834
18847
18858
18896
18899
18905
18955
18968
18981
18992
19030
19033
19039
19089
19102
19115
19126
19164
19167
19173
19223
19236
19249
19260
19298
19301
19307
19357
19370
19383
19394
19432
19435
19441
19491
19504
19517
19528
19566
19575
19580
19592
19629
19635
19644
19647
19653
19659
19668
19673
19685
19722
19728
19737
19740
19746
19752
19761
19766
19778
19815
19821
19830
19833
19839
19845
19854
19859
19871
19908
19914
19923
19926
19932
19938
19947
19952
19964
20001
20007
20016
20019
20025
20031
20040
20045
20057
20094
20100
20109
20112
20118
20124
20133
20138
20150
20187
20193
20202
20205
20211
20217
20226
20231
20243
20280
20286
20295
20298
20310
20313
20318
20326
20339
20347
20383
20392
20422
20430
20433
20439
20489
20502
20515
20526
20564
20567
20573
20623
20636
20649
20660
20698
20701
20707
20757
20770
20783
20794
20832
20835
20841
20891
20904
20917
20928
20966
20969
20975
21025
21038
21051
21062
21100
21103
21109
21159
21172
21185
21196
21234
21237
21243
21293
21306
21319
21330
21368
21371
21377
21427
21440
21453
21464
21502
21511
21516
21528
21565
21571
21580
21583
21589
21595
21604
21609
21621
21658
21664
21673
21676
21682
21688
21697
21702
21714
21751
21757
21766
21769
21775
21781
21790
21795
21807
21844
21850
21859
21862
21868
21874
21883
21888
21900
21937
21943
21952
21955
21961
21967
21976
21981
21993
22030
22036
22045
22048
22054
22060
22069
22074
22086
22123
22129
22138
22141
22147
22153
22162
22167
22179
22216
22222
22231
22234
22246
22249
22254
22262
22275
22283
22319
22328
22358
22366
22369
22375
22425
22438
22451
22462
22500
22503
22509
22559
22572
22585
22596
22634
22637
22643
22693
22706
22719
22730
22768
22771
22777
22827
22840
22853
22864
22902
22905
22911
22961
22974
22987
22998
23036
23039
23045
23095
23108
23121
23132
23170
23173
23179
23229
23242
23255
23266
23304
23307
23313
23363
23376
23389
23400
23438
23447
23452
23464
23501
23507
23516
23519
23525
23531
23540
23545
23557
23594
23600
23609
23612
23618
23624
23633
23638
23650
23687
23693
23702
23705
23711
23717
23726
23731
23743
23780
23786
23795
23798
23804
23810
23819
23824
23836
23873
23879
23888
23891
23897
23903
23912
23917
23929
23966
23972
23981
23984
23990
23996
24005
24010
24022
24059
24065
24074
24077
24083
24089
24098
24103
24115
24152
24158
24167
24170
24182
24185
24190
24198
24211
24219
24255
24264
24294
24302
24305
24311
24361
24374
24387
24398
24436
24439
24445
24495
24508
24521
24532
24570
24573
24579
24629
24642
24655
24666
24704
24707
24713
24763
24776
24789
24800
24838
24841
24847
24897
24910
24923
24934
24972
24975
24981
25031
25044
25057
25068
25106
25109
25115
25165
25178
25191
25202
25240
25243
25249
25299
25312
25325
25336
25374
25383
25388
25400
25437
25443
25452
25455
25461
25467
25476
25481
25493
25530
25536
25545
25548
25554
25560
25569
25574
25586
25623
25629
25638
25641
25647
25653
25662
25667
25679
25716
25722
25731
25734
25740
25746
25755
25760
25772
25809
25815
25824
25827
25833
25839
25848
25853
25865
25902
25908
25917
25920
25926
25932
25941
25946
25958
25995
26001
26010
26013
26019
26025
26034
26039
26051
26088
26094
26103
26106
26118
26121
26126
26134
26147
26155
26191
26200
26230
26238
26241
26247
26297
26310
26323
26334
26372
26375
26381
26431
26444
26457
26468
26506
26509
26515
26565
26578
26591
26602
26640
26643
26649
26699
26712
26725
26736
26774
26777
26783
26833
26846
26859
26870
26908
26911
26917
26967
26980
26993
27004
27042
27045
27051
27101
27114
27127
27138
27176
27179
27185
27235
27248
27261
27272
27310
27319
27324
27336
27373
27379
27388
27391
27397
27403
27412
27417
27429
27466
27472
27481
27484
27490
27496
27505
27510
27522
27559
27565
27574
27577
27583
27589
27598
27603
27615
27652
27658
27667
27670
27676
27682
27691
27696
27708
27745
27751
27760
27763
27769
27775
27784
27789
27801
27838
27844
27853
27856
27862
27868
27877
27882
27894
27931
27937
27946
27949
27955
27961
27970
27975
27987
28024
28030
28039
28042
28054
28057
28062
28070
28083
28091
28127
28136
28166
28174
28177
28183
28233
28246
28259
28270
28308
28311
28317
28367
28380
28393
28404
28442
28445
28451
28501
28514
28527
28538
28576
28579
28585
28635
28648
28661
28672
28710
28713
28719
28769
28782
28795
28806
28844
28847
28853
28903
28916
28929
28940
28978
28981
28987
29037
29050
29063
29074
29112
29115
29121
29171
29184
29197
29208
29246
29255
29260
29272
29309
29315
29324
29327
29333
29339
29348
29353
29365
29402
29408
29417
29420
29426
29432
29441
29446
29458
29495
29501
29510
29513
29519
29525
29534
29539
29551
29588
29594
29603
29606
29612
29618
29627
29632
29644
29681
29687
29696
29699
29705
29711
29720
29725
29737
29774
29780
29789
29792
29798
29804
29813
29818
29830
29867
29873
29882
29885
29891
29897
29906
29911
29923
29960
29966
29975
29978
29990
29993
29998
30006
30019
30027
30063
30072
30102
30110
30113
30119
30169
30182
30195
30206
30244
30247
30253
30303
30316
30329
30340
30378
30381
30387
30437
30450
30463
30474
30512
30515
30521
30571
30584
30597
30608
30646
30649
30655
30705
30718
30731
30742
30780
30783
30789
30839
30852
30865
30876
30914
30917
30923
30973
30986
30999
31010
31048
31051
31057
31107
31120
31133
31144
31182
31191
31196
31208
31245
31251
31260
31263
31269
31275
31284
31289
31301
31338
31344
31353
31356
31362
31368
31377
31382
31394
31431
31437
31446
31449
31455
31461
31470
31475
31487
31524
31530
31539
31542
31548
31554
31563
31568
31580
31617
31623
31632
31635
31641
31647
31656
31661
31673
31710
31716
31725
31728
31734
31740
31749
31754
31766
31803
31809
31818
31821
31827
31833
31842
31847
31859
31896
31902
31911
31914
31926
31929
31934
31942
31955
31963
31999
32008
32038
32046
32049
32055
32105
32118
32131
32142
32180
32183
32189
32239
32252
32265
32276
32314
32317
32323
32373
32386
32399
32410
32448
32451
32457
32507
32520
32533
32544
32582
32585
32591
32641
32654
32667
32678
32716
32719
32725
32775
32788
32801
32812
32850
32853
32859
32909
32922
32935
32946
32984
32987
32993
33043
33056
33069
33080
33118
33127
33132
33144
33181
33187
33196
33199
33205
33211
33220
33225
33237
33274
33280
33289
33292
33298
33304
33313
33318
33330
33367
33373
33382
33385
33391
33397
33406
33411
33423
33460
33466
33475
33478
33484
33490
33499
33504
33516
33553
33559
33568
33571
33577
33583
33592
33597
33609
33646
33652
33661
33664
33670
33676
33685
33690
33702
33739
33745
33754
33757
33763
33769
33778
33783
33795
33832
33838
33847
33850
33862
33865
33870
33878
33891
33899
33935
33944
33974
33982
33985
33991
34041
34054
34067
34078
34116
34119
34125
34175
34188
34201
34212
34250
34253
34259
34309
34322
34335
34346
34384
34387
34393
34443
34456
34469
34480
34518
34521
34527
34577
34590
34603
34614
34652
34655
34661
34711
34724
34737
34748
34786
34789
34795
34845
34858
34871
34882
34920
34923
34929
34979
34992
35005
35016
35054
35063
35068
35080
35117
35123
35132
35135
35141
35147
35156
35161
35173
35210
35216
35225
35228
35234
35240
35249
35254
35266
35303
35309
35318
35321
35327
35333
35342
35347
35359
35396
35402
35411
35414
35420
35426
35435
35440
35452
35489
35495
35504
35507
35513
35519
35528
35533
35545
35582
35588
35597
35600
35606
35612
35621
35626
35638
35675
35681
35690
35693
35699
35705
35714
35719
35731
35768
35774
35783
35786
35798
35801
35806
35814
35827
35835
35871
35880
35910
35918
35921
35927
35977
35990
36003
36014
36052
36055
36061
36111
36124
36137
36148
36186
36189
36195
36245
36258
36271
36282
36320
36323
36329
36379
36392
36405
36416
36454
36457
36463
36513
36526
36539
36550
36588
36591
36597
36647
36660
36673
36684
36722
36725
36731
36781
36794
36807
36818
36856
36859
36865
36915
36928
36941
36952
36990
36999
37004
37016
37053
37059
37068
37071
37077
37083
37092
37097
37109
37146
37152
37161
37164
37170
37176
37185
37190
37202
37239
37245
37254
37257
37263
37269
37278
37283
37295
37332
37338
37347
37350
37356
37362
37371
37376
37388
37425
37431
37440
37443
37449
37455
37464
37469
37481
37518
37524
37533
37536
37542
37548
37557
37562
37574
37611
37617
37626
37629
37635
37641
37650
37655
37667
37704
37710
37719
37722
37734
37737
37742
37750
37763
37771
37807
37816
37846
37854
37857
37863
37913
37926
37939
37950
37988
37991
37997
38047
38060
38073
38084
38122
38125
38131
38181
38194
38207
38218
38256
38259
38265
38315
38328
38341
38352
38390
38393
38399
38449
38462
38475
38486
38524
38527
38533
38583
38596
38609
38620
38658
38661
38667
38717
38730
38743
38754
38792
38795
38801
38851
38864
38877
38888
38926
38935
38940
38952
38989
38995
39004
39007
39013
39019
39028
39033
39045
39082
39088
39097
39100
39106
39112
39121
39126
39138
39175
39181
39190
39193
39199
39205
39214
39219
39231
39268
39274
39283
39286
39292
39298
39307
39312
39324
39361
39367
39376
39379
39385
39391
39400
39405
39417
39454
39460
39469
39472
39478
39484
39493
39498
39510
39547
39553
39562
39565
39571
39577
39586
39591
39603
39640
39646
39655
39658
39670
39673
39678
39686
39699
39707
39743
39752
39782
39790
39793
39799
39849
39862
39875
39886
39924
39927
39933
39983
39996
40009
40020
40058
40061
40067
40117
40130
40143
40154
40192
40195
40201
40251
40264
40277
40288
40326
40329
40335
40385
40398
40411
40422
40460
40463
40469
40519
40532
40545
40556
40594
40597
40603
40653
40666
40679
40690
40728
40731
40737
40787
40800
40813
40824
40862
40871
40876
40888
40925
40931
40940
40943
40949
40955
40964
40969
40981
41018
41024
41033
41036
41042
41048
41057
41062
41074
41111
41117
41126
41129
41135
41141
41150
41155
41167
41204
41210
41219
41222
41228
41234
41243
41248
41260
41297
41303
41312
41315
41321
41327
41336
41341
41353
41390
41396
41405
41408
41414
41420
41429
41434
41446
41483
41489
41498
41501
41507
41513
41522
41527
41539
41576
41582
41591
41594
41606
41609
41614
41622
41635
41643
41679
41688
41718
41726
41729
41735
41785
41798
41811
41822
41860
41863
41869
41919
41932
41945
41956
41994
41997
42003
42053
42066
42079
42090
42128
42131
42137
42187
42200
42213
42224
42262
42265
42271
42321
42334
42347
42358
42396
42399
42405
42455
42468
42481
42492
42530
42533
42539
42589
42602
42615
42626
42664
42667
42673
42723
42736
42749
42760
42798
42807
42812
42824
42861
42867
42876
42879
42885
42891
42900
42905
42917
42954
42960
42969
42972
42978
42984
42993
42998
43010
43047
43053
43062
43065
43071
43077
43086
43091
43103
43140
43146
43155
43158
43164
43170
43179
43184
43196
43233
43239
43248
43251
43257
43263
43272
43277
43289
43326
43332
43341
43344
43350
43356
43365
43370
43382
43419
43425
43434
43437
43443
43449
43458
43463
43475
43512
43518
43527
43530
43542
43545
43550
43558
43571
43579
43615
43624
43654
43662
43665
43671
43721
43734
43747
43758
43796
43799
43805
43855
43868
43881
43892
43930
43933
43939
43989
44002
44015
44026
44064
44067
44073
44123
44136
44149
44160
44198
44201
44207
44257
44270
44283
44294
44332
44335
44341
44391
44404
44417
44428
44466
44469
44475
44525
44538
44551
44562
44600
44603
44609
44659
44672
44685
44696
44734
44743
44748
44760
44797
44803
44812
44815
44821
44827
44836
44841
44853
44890
44896
44905
44908
44914
44920
44929
44934
44946
44983
44989
44998
45001
45007
45013
45022
45027
45039
45076
45082
45091
45094
45100
45106
45115
45120
45132
45169
45175
45184
45187
45193
45199
45208
45213
45225
45262
45268
45277
45280
45286
45292
45301
45306
45318
45355
45361
45370
45373
45379
45385
45394
45399
45411
45448
45454
45463
45466
45478
45481
45486
45494
45507
45515
45551
45560
45590
45598
45601
45607
45657
45670
45683
45694
45732
45735
45741
45791
45804
45817
45828
45866
45869
45875
45925
45938
45951
45962
46000
46003
46009
46059
46072
46085
46096
46134
46137
46143
46193
46206
46219
46230
46268
46271
46277
46327
46340
46353
46364
46402
46405
46411
46461
46474
46487
46498
46536
46539
46545
46595
46608
46621
46632
46670
46679
46684
46696
46733
46739
46748
46751
46757
46763
46772
46777
46789
46826
46832
46841
46844
46850
46856
46865
46870
46882
46919
46925
46934
46937
46943
46949
46958
46963
46975
47012
47018
47027
47030
47036
47042
47051
47056
47068
47105
47111
47120
47123
47129
47135
47144
47149
47161
47198
47204
47213
47216
47222
47228
47237
47242
47254
47291
47297
47306
47309
47315
47321
47330
47335
47347
47384
47390
47399
47402
47414
47417
47422
47430
47443
47451
47487
47496
47526
47534
47537
47543
47593
47606
47619
47630
47668
47671
47677
47727
47740
47753
47764
47802
47805
47811
47861
47874
47887
47898
47936
47939
47945
47995
48008
48021
48032
48070
48073
48079
48129
48142
48155
48166
48204
48207
48213
48263
48276
48289
48300
48338
48341
48347
48397
48410
48423
48434
48472
48475
48481
48531
48544
48557
48568
48606
48615
48620
48632
48669
48675
48684
48687
48693
48699
48708
48713
48725
48762
48768
48777
48780
48786
48792
48801
48806
48818
48855
48861
48870
48873
48879
48885
48894
48899
48911
48948
48954
48963
48966
48972
48978
48987
48992
49004
49041
49047
49056
49059
49065
49071
49080
49085
49097
49134
49140
49149
49152
49158
49164
49173
49178
49190
49227
49233
49242
49245
49251
49257
49266
49271
49283
49320
49326
49335
49338
49350
49353
49358
49366
49379
49387
49423
49432
49462
49470
49473
49479
49529
49542
49555
49566
49604
49607
49613
49663
49676
49689
49700
49738
49741
49747
49797
49810
49823
49834
49872
49875
49881
49931
49944
49957
49968
50006
50009
50015
50065
50078
50091
50102
50140
50143
50149
50199
50212
50225
50236
50274
50277
50283
50333
50346
50359
50370
50408
50411
50417
50467
50480
50493
50504
50542
50551
50556
50568
50605
50611
50620
50623
50629
50635
50644
50649
50661
50698
50704
50713
50716
50722
50728
50737
50742
50754
50791
50797
50806
50809
50815
50821
50830
50835
50847
50884
50890
50899
50902
50908
50914
50923
50928
50940
50977
50983
50992
50995
51001
51007
51016
51021
51033
51070
51076
51085
51088
51094
51100
51109
51114
51126
51163
51169
51178
51181
51187
51193
51202
51207
51219
51256
51262
51271
51274
51286
51289
51294
51302
51315
51323
51359
51368
51398
51406
51409
51415
51465
51478
51491
51502
51540
51543
51549
51599
51612
51625
51636
51674
51677
51683
51733
51746
51759
51770
51808
51811
51817
51867
51880
51893
51904
51942
51945
51951
52001
52014
52027
52038
52076
52079
52085
52135
52148
52161
52172
52210
52213
52219
52269
52282
52295
52306
52344
52347
52353
52403
52416
52429
52440
52478
52487
52492
52504
52541
52547
52556
52559
52565
52571
52580
52585
52597
52634
52640
52649
52652
52658
52664
52673
52678
52690
52727
52733
52742
52745
52751
52757
52766
52771
52783
52820
52826
52835
52838
52844
52850
52859
52864
52876
52913
52919
52928
52931
52937
52943
52952
52957
52969
53006
53012
53021
53024
53030
53036
53045
53050
53062
53099
53105
53114
53117
53123
53129
53138
53143
53155
53192
53198
53207
53210
53222
53225
53230
53238
53251
53259
53295
53304
53334
53342
53345
53351
53401
53414
53427
53438
53476
53479
53485
53535
53548
53561
53572
53610
53613
53619
53669
53682
53695
53706
53744
53747
53753
53803
53816
53829
53840
53878
53881
53887
53937
53950
53963
53974
54012
54015
54021
54071
54084
54097
54108
54146
54149
54155
54205
54218
54231
54242
54280
54283
54289
54339
54352
54365
54376
54414
54423
54428
54440
54477
54483
54492
54495
54501
54507
54516
54521
54533
54570
54576
54585
54588
54594
54600
54609
54614
54626
54663
54669
54678
54681
54687
54693
54702
54707
54719
54756
54762
54771
54774
54780
54786
54795
54800
54812
54849
54855
54864
54867
54873
54879
54888
54893
54905
54942
54948
54957
54960
54966
54972
54981
54986
54998
55035
55041
55050
55053
55059
55065
55074
55079
55091
55128
55134
55143
55146
55158
55161
55166
55174
55187
55195
55231
55240
55270
55278
55281
55287
55337
55350
55363
55374
55412
55415
55421
55471
55484
55497
55508
55546
55549
55555
55605
55618
55631
55642
55680
55683
55689
55739
55752
55765
55776
55814
55817
55823
55873
55886
55899
55910
55948
55951
55957
56007
56020
56033
56044
56082
56085
56091
56141
56154
56167
56178
56216
56219
56225
56275
56288
56301
56312
56350
56359
56364
56376
56413
56419
56428
56431
56437
56443
56452
56457
56469
56506
56512
56521
56524
56530
56536
56545
56550
56562
56599
56605
56614
56617
56623
56629
56638
56643
56655
56692
56698
56707
56710
56716
56722
56731
56736
56748
56785
56791
56800
56803
56809
56815
56824
56829
56841
56878
56884
56893
56896
56902
56908
56917
56922
56934
56971
56977
56986
56989
56995
57001
57010
57015
57027
57064
57070
57079
57082
57094
57097
57102
57110
57123
57131
57167
57176
57206
57214
57217
57223
57273
57286
57299
57310
57348
57351
57357
57407
57420
57433
57444
57482
57485
57491
57541
57554
57567
57578
57616
57619
57625
57675
57688
57701
57712
57750
57753
57759
57809
57822
57835
57846
57884
57887
57893
57943
57956
57969
57980
58018
58021
58027
58077
58090
58103
58114
58152
58155
58161
58211
58224
58237
58248
58286
58295
58300
58312
58349
58355
58364
58367
58373
58379
58388
58393
58405
58442
58448
58457
58460
58466
58472
58481
58486
58498
58535
58541
58550
58553
58559
58565
58574
58579
58591
58628
58634
58643
58646
58652
58658
58667
58672
58684
58721
58727
58736
58739
58745
58751
58760
58765
58777
58814
58820
58829
58832
58838
58844
58853
58858
58870
58907
58913
58922
58925
58931
58937
58946
58951
58963
59000
59006
59015
59018
59030
59033
59038
59046
59059
59067
59103
59112
59142
59150
59153
59159
59209
59222
59235
59246
59284
59287
59293
59343
59356
59369
59380
59418
59421
59427
59477
59490
59503
59514
59552
59555
59561
59611
59624
59637
59648
59686
59689
59695
59745
59758
59771
59782
59820
59823
59829
59879
59892
59905
59916
59954
59957
59963
60013
60026
60039
60050
60088
60091
60097
60147
60160
60173
60184
60222
60231
60236
60248
60285
60291
60300
60303
60309
60315
60324
60329
60341
60378
60384
60393
60396
60402
60408
60417
60422
60434
60471
60477
60486
60489
60495
60501
60510
60515
60527
60564
60570
60579
60582
60588
60594
60603
60608
60620
60657
60663
60672
60675
60681
60687
60696
60701
60713
60750
60756
60765
60768
60774
60780
60789
60794
60806
60843
60849
60858
60861
60867
60873
60882
60887
60899
60936
60942
60951
60954
60966
60969
60974
60982
60995
61003
61039
61048
61078
61086
61089
61095
61145
61158
61171
61182
61220
61223
61229
61279
61292
61305
61316
61354
61357
61363
61413
61426
61439
61450
61488
61491
61497
61547
61560
61573
61584
61622
61625
61631
61681
61694
61707
61718
61756
61759
61765
61815
61828
61841
61852
61890
61893
61899
61949
61962
61975
61986
62024
62027
62033
62083
62096
62109
62120
62458
62467
62472
62484
62521
62527
62536
62539
62545
62551
62560
62565
62577
62614
62620
62629
62632
62638
62644
62653
62658
62670
62707
62713
62722
62725
62731
62737
62746
62751
62763
62800
62806
62815
62818
62824
62830
62839
62844
62856
62893
62899
62908
62911
62917
62923
62932
62937
62949
62986
62992
63001
63004
63010
63016
63025
63030
63042
63079
63085
63094
63097
63103
63109
63118
63123
63135
63172
63178
63187
63190
63202
63205
63210
63218
63231
63239
63275
63284
63314
63322
63325
63331
63381
63394
63407
63418
63456
63459
63465
63515
63528
63541
63552
63590
63593
63599
63649
63662
63675
63686
63724
63727
63733
63783
63796
63809
63820
63858
63861
63867
63917
63930
63943
63954
63992
63995
64001
64051
64064
64077
64088
64126
64129
64135
64185
64198
64211
64222
64260
64263
64269
64319
64332
64345
64356
64394
64403
64408
64420
64457
64463
64472
64475
64481
64487
64496
64501
64513
64550
64556
64565
64568
64574
64580
64589
64594
64606
64643
64649
64658
64661
64667
64673
64682
64687
64699
64736
64742
64751
64754
64760
64766
64775
64780
64792
64829
64835
64844
64847
64853
64859
64868
64873
64885
64922
64928
64937
64940
64946
64952
64961
64966
64978
65015
65021
65030
65033
65039
65045
65054
65059
65071
65108
65114
65123
65126
65138
65141
65146
65154
65167
65175
65211
65220
65250
65258
65261
65267
65317
65330
65343
65354
65392
65395
65401
65451
65464
65477
65488
65526
65529
65535
65585
65598
65611
65622
65660
65663
65669
65719
65732
65745
65756
65794
65797
65803
65853
65866
65879
65890
65928
65931
65937
65987
66000
66013
66024
66062
66065
66071
66121
66134
66147
66158
66196
66199
66205
66255
66268
66281
66292
66330
66339
66344
66356
66393
66399
66408
66411
66417
66423
66432
66437
66449
66486
66492
66501
66504
66510
66516
66525
66530
66542
66579
66585
66594
66597
66603
66609
66618
66623
66635
66672
66678
66687
66690
66696
66702
66711
66716
66728
66765
66771
66780
66783
66789
66795
66804
66809
66821
66858
66864
66873
66876
66882
66888
66897
66902
66914
66951
66957
66966
66969
66975
66981
66990
66995
67007
67044
67050
67059
67062
67074
67077
67082
67090
67103
67111
67147
67156
67186
67194
67197
67203
67253
67266
67279
67290
67328
67331
67337
67387
67400
67413
67424
67462
67465
67471
67521
67534
67547
67558
67596
67599
67605
67655
67668
67681
67692
67730
67733
67739
67789
67802
67815
67826
67864
67867
67873
67923
67936
67949
67960
67998
68001
68007
68057
68070
68083
68094
68132
68135
68141
68191
68204
68217
68228
68266
68275
68280
68292
68329
68335
68344
68347
68353
68359
68368
68373
68385
68422
68428
68437
68440
68446
68452
68461
68466
68478
68515
68521
68530
68533
68539
68545
68554
68559
68571
68608
68614
68623
68626
68632
68638
68647
68652
68664
68701
68707
68716
68719
68725
68731
68740
68745
68757
68794
68800
68809
68812
68818
68824
68833
68838
68850
68887
68893
68902
68905
68911
68917
68926
68931
68943
68980
68986
68995
68998
69010
69013
69018
69026
69039
69047
69083
69092
69122
69130
69133
69139
69189
69202
69215
69226
69264
69267
69273
69323
69336
69349
69360
69398
69401
69407
69457
69470
69483
69494
69532
69535
69541
69591
69604
69617
69628
69666
69669
69675
69725
69738
69751
69762
69800
69803
69809
69859
69872
69885
69896
69934
69937
69943
69993
70006
70019
70030
70068
70071
70077
70127
70140
70153
70164
70202
70211
70216
70228
70265
70271
70280
70283
70289
70295
70304
70309
70321
70358
70364
70373
70376
70382
70388
70397
70402
70414
70451
70457
70466
70469
70475
70481
70490
70495
70507
70544
70550
70559
70562
70568
70574
70583
70588
70600
70637
70643
70652
70655
70661
70667
70676
70681
70693
70730
70736
70745
70748
70754
70760
70769
70774
70786
70823
70829
70838
70841
70847
70853
70862
70867
70879
70916
70922
70931
70934
70946
70949
70954
70962
70975
70983
71019
71028
71058
71066
71069
71075
71125
71138
71151
71162
71200
71203
71209
71259
71272
71285
71296
71334
71337
71343
71393
71406
71419
71430
71468
71471
71477
71527
71540
71553
71564
71602
71605
71611
71661
71674
71687
71698
71736
71739
71745
71795
71808
71821
71832
71870
71873
71879
71929
71942
71955
71966
72004
72007
72013
72063
72076
72089
72100
72138
72147
72152
72164
72201
72207
72216
72219
72225
72231
72240
72245
72257
72294
72300
72309
72312
72318
72324
72333
72338
72350
72387
72393
72402
72405
72411
72417
72426
72431
72443
72480
72486
72495
72498
72504
72510
72519
72524
72536
72573
72579
72588
72591
72597
72603
72612
72617
72629
72666
72672
72681
72684
72690
72696
72705
72710
72722
72759
72765
72774
72777
72783
72789
72798
72803
72815
72852
72858
72867
72870
72882
72885
72890
72898
72911
72919
72955
72964
72994
73002
73005
73011
73061
73074
73087
73098
73136
73139
73145
73195
73208
73221
73232
73270
73273
73279
73329
73342
73355
73366
73404
73407
73413
73463
73476
73489
73500
73538
73541
73547
73597
73610
73623
73634
73672
73675
73681
73731
73744
73757
73768
73806
73809
73815
73865
73878
73891
73902
73940
73943
73949
73999
74012
74025
74036
74074
74083
74088
74100
74137
74143
74152
74155
74161
74167
74176
74181
74193
74230
74236
74245
74248
74254
74260
74269
74274
74286
74323
74329
74338
74341
74347
74353
74362
74367
74379
74416
74422
74431
74434
74440
74446
74455
74460
74472
74509
74515
74524
74527
74533
74539
74548
74553
74565
74602
74608
74617
74620
74626
74632
74641
74646
74658
74695
74701
74710
74713
74719
74725
74734
74739
74751
74788
74794
74803
74806
74818
74821
74826
74834
74847
74855
74891
74900
74930
74938
74941
74947
74997
75010
75023
75034
75072
75075
75081
75131
75144
75157
75168
75206
75209
75215
75265
75278
75291
75302
75340
75343
75349
75399
75412
75425
75436
75474
75477
75483
75533
75546
75559
75570
75608
75611
75617
75667
75680
75693
75704
75742
75745
75751
75801
75814
75827
75838
75876
75879
75885
75935
75948
75961
75972
76010
76019
76024
76036
76073
76079
76088
76091
76097
76103
76112
76117
76129
76166
76172
76181
76184
76190
76196
76205
76210
76222
76259
76265
76274
76277
76283
76289
76298
76303
76315
76352
76358
76367
76370
76376
76382
76391
76396
76408
76445
76451
76460
76463
76469
76475
76484
76489
76501
76538
76544
76553
76556
76562
76568
76577
76582
76594
76631
76637
76646
76649
76655
76661
76670
76675
76687
76724
76730
76739
76742
76754
76757
76762
76770
76783
76791
76827
76836
76866
76874
76877
76883
76933
76946
76959
76970
77008
77011
77017
77067
77080
77093
77104
77142
77145
77151
77201
77214
77227
77238
77276
77279
77285
77335
77348
77361
77372
77410
77413
77419
77469
77482
77495
77506
77544
77547
77553
77603
77616
77629
77640
77678
77681
77687
77737
77750
77763
77774
77812
77815
77821
77871
77884
77897
77908
77946
77955
77960
77972
78009
78015
78024
78027
78033
78039
78048
78053
78065
78102
78108
78117
78120
78126
78132
78141
78146
78158
78195
78201
78210
78213
78219
78225
78234
78239
78251
78288
78294
78303
78306
78312
78318
78327
78332
78344
78381
78387
78396
78399
78405
78411
78420
78425
78437
78474
78480
78489
78492
78498
78504
78513
78518
78530
78567
78573
78582
78585
78591
78597
78606
78611
78623
78660
78666
78675
78678
78690
78693
78698
78706
78719
78727
78763
78772
78802
78810
78813
78819
78869
78882
78895
78906
78944
78947
78953
79003
79016
79029
79040
79078
79081
79087
79137
79150
79163
79174
79212
79215
79221
79271
79284
79297
79308
79346
79349
79355
79405
79418
79431
79442
79480
79483
79489
79539
79552
79565
79576
79614
79617
79623
79673
79686
79699
79710
79748
79751
79757
79807
79820
79833
79844
79882
79891
79896
79908
79945
79951
79960
79963
79969
79975
79984
79989
80001
80038
80044
80053
80056
80062
80068
80077
80082
80094
80131
80137
80146
80149
80155
80161
80170
80175
80187
80224
80230
80239
80242
80248
80254
80263
80268
80280
80317
80323
80332
80335
80341
80347
80356
80361
80373
80410
80416
80425
80428
80434
80440
80449
80454
80466
80503
80509
80518
80521
80527
80533
80542
80547
80559
80596
80602
80611
80614
80626
80629
80634
80642
80655
80663
80699
80708
80738
80746
80749
80755
80805
80818
80831
80842
80880
80883
80889
80939
80952
80965
80976
81014
81017
81023
81073
81086
81099
81110
81148
81151
81157
81207
81220
81233
81244
81282
81285
81291
81341
81354
81367
81378
81416
81419
81425
81475
81488
81501
81512
81550
81553
81559
81609
81622
81635
81646
81684
81687
81693
81743
81756
81769
81780
81818
81827
81832
81844
81881
81887
81896
81899
81905
81911
81920
81925
81937
81974
81980
81989
81992
81998
82004
82013
82018
82030
82067
82073
82082
82085
82091
82097
82106
82111
82123
82160
82166
82175
82178
82184
82190
82199
82204
82216
82253
82259
82268
82271
82277
82283
82292
82297
82309
82346
82352
82361
82364
82370
82376
82385
82390
82402
82439
82445
82454
82457
82463
82469
82478
82483
82495
82532
82538
82547
82550
82562
82565
82570
82578
82591
82599
82635
82644
82674
82682
82685
82691
82741
82754
82767
82778
82816
82819
82825
82875
82888
82901
82912
82950
82953
82959
83009
83022
83035
83046
83084
83087
83093
83143
83156
83169
83180
83218
83221
83227
83277
83290
83303
83314
83352
83355
83361
83411
83424
83437
83448
83486
83489
83495
83545
83558
83571
83582
83620
83623
83629
83679
83692
83705
83716
83754
83763
83768
83780
83817
83823
83832
83835
83841
83847
83856
83861
83873
83910
83916
83925
83928
83934
83940
83949
83954
83966
84003
84009
84018
84021
84027
84033
84042
84047
84059
84096
84102
84111
84114
84120
84126
84135
84140
84152
84189
84195
84204
84207
84213
84219
84228
84233
84245
84282
84288
84297
84300
84306
84312
84321
84326
84338
84375
84381
84390
84393
84399
84405
84414
84419
84431
84468
84474
84483
84486
84498
84501
84506
84514
84527
84535
84571
84580
84610
84618
84621
84627
84677
84690
84703
84714
84752
84755
84761
84811
84824
84837
84848
84886
84889
84895
84945
84958
84971
84982
85020
85023
85029
85079
85092
85105
85116
85154
85157
85163
85213
85226
85239
85250
85288
85291
85297
85347
85360
85373
85384
85422
85425
85431
85481
85494
85507
85518
85556
85559
85565
85615
85628
85641
85652
85690
85699
85704
85716
85753
85759
85768
85771
85777
85783
85792
85797
85809
85846
85852
85861
85864
85870
85876
85885
85890
85902
85939
85945
85954
85957
85963
85969
85978
85983
85995
86032
86038
86047
86050
86056
86062
86071
86076
86088
86125
86131
86140
86143
86149
86155
86164
86169
86181
86218
86224
86233
86236
86242
86248
86257
86262
86274
86311
86317
86326
86329
86335
86341
86350
86355
86367
86404
86410
86419
86422
86434
86437
86442
86450
86463
86471
86507
86516
86546
86554
86557
86563
86613
86626
86639
86650
86688
86691
86697
86747
86760
86773
86784
86822
86825
86831
86881
86894
86907
86918
86956
86959
86965
87015
87028
87041
87052
87090
87093
87099
87149
87162
87175
87186
87224
87227
87233
87283
87296
87309
87320
87358
87361
87367
87417
87430
87443
87454
87492
87495
87501
87551
87564
87577
87588
87626
87635
87640
87652
87689
87695
87704
87707
87713
87719
87728
87733
87745
87782
87788
87797
87800
87806
87812
87821
87826
87838
87875
87881
87890
87893
87899
87905
87914
87919
87931
87968
87974
87983
87986
87992
87998
88007
88012
88024
88061
88067
88076
88079
88085
88091
88100
88105
88117
88154
88160
88169
88172
88178
88184
88193
88198
88210
88247
88253
88262
88265
88271
88277
88286
88291
88303
88340
88346
88355
88358
88370
88373
88378
88386
88399
88407
88443
88452
88482
88490
88493
88499
88549
88562
88575
88586
88624
88627
88633
88683
88696
88709
88720
88758
88761
88767
88817
